15555265673
13662798383
13785166085
18501563391
13853158488
17381132583
13814761637
13466906517
13429836203
13396259979
18137129389
18671861858
13926239912
13016022777
13935785289
15170252290
18126942276
13659925245
18727366106
13940870245
13202622687
15689013805
18353352760
17717525119
15855151885
15689181380
15911049450
15296629378
13678885882
13245478807
18354188917
15679905195
13869399023
13861166217
13622290553
13133182591
15865335295
13518638088
15875558387
18172241492
13861205256
15611265572
18766959787
18707144295
18006375290
18222828777
18378312744
17713157169
13589526774
16607283121
13645315567
19949124056
18256478399
13553459758
17685691226
15219146229
15717990846
18732351022
15399567633
15868069760
15297712485
15053590275
17515405495
15092367377
18382942346
15969615593
13070661444
18502116712
17733099150
18280045797
15682009076
19112734645
15153978041
13705702826
13651483705
13576523512
13201318842
15657839586
15579466694
13957929923
18323025798
18350755416
18865943955
15668316889
13082717941
13081211982
18251855225
13690970864
15392740379
17757915084
18678148653
13600100949
17755573915
18108976158
18021618707
15100402020
13026753374
15259001363
13073660037
17645133559
18731567697
17857581955
18690502718
18501535339
18122645276
15762273358
13978729759
18152605009
17337654230
15878980922
15545980285
17325518285
13249884419
16738733849
13710798643
13095639820

15275932789
15960065529
13590980734
15853619146
18322293660
18879626948
18654287052
15912821719
13228806789
13563700298
18463211007
15832115402
18804082910
17083503746
15637820550
13167032251
17715017912
13513967711
15335562330
18902893533
18351121711
13365310230
18256386069
17679010130
13855457855
17326790493
13379717269
18730595748
13964425258
15864460692
19817582196
15092495888
13573364270
19880997260
17511692311
15703999577
15630716872
13397270635
15150337397
13438055095
15687197475
15278714305
15183288021
13205242863
15589982808
18832563082
13082717094
15813698978
15298102000
15168802600
15275419957
18473938706
18911657650
13884444874
15962917386
18109480637
15138958561
13641587792
15349503340
18251666089
15027322934
18609609801
17202414373
15911610190
13515436036
18019379117
18615238055
17836146321
17728294240
15914302290
13980162846
13972011785
13675786491
13886775668
13673510364
13128400773
17157820866
13819344950
17871040963
18515377886
18475088587
15827747122
18290411138
17358862242
15638911345
18777156336
17857342143
13722962361
18861008036
13584897277
15695481557
18382203184
15267970122
18849359729
13468408515
18600252216
13953395075
15969712500
18988400378
13011645115
18918121422
13042423366
18734666248
18339798765
15080775788
17581806220
13255691526
18264303202
15169168106
18888391295
18369636998
13290244650
15267190185
15284545409
13286380437
18627248647
13512286836
15040535602
13475564158
15905944919
15177018081
13383418680
18675194465
18132030592
17633968230
13590877309
18712853019
13864448858
18235119018
15843022229
15318682577
15033386501
15264327775
18794209986
18877262655
17639705356
17633619026
15885563488
15373699944
13930956552
19959561371
13722617658
13111187390
18394017992
15158296701
13792077250
18173385050
13477145648
15238134686
13668617078
18764041153
15255342212
13176567908
15815141193
18553385775
15201098525
15727866530
13964328397
15890711065
13953172432
13634479999
13768468280
15552852280
15562596692
15637360313
15963315179
18500537986
13886176740
19179201368
18057939252
15606168820
18975250342
18735351687
13506443319
13356664519
13573306810
13813469441
13639972074
15232110907
13218021721
13573987882
15200050315
18202937972
16581805075
15860811070
13355282508
18642988893
13736691122
13134196943
17743470287
17083509943
17269626449
15003310850
13032621179
17735619225
13935362794
18700819707
15832885101
15308277873
18952533778
18326609831
18220349579
17839472579
18365112387
15220494044
13938682073
13255688040
13223666433
18074301430
15108804073
18066133456
15204313082
13752550802
13331292644
13597408929
13255301180
18762627930
18653399864
15524932342
15369225139
15893125584
18390553093
13028880185
17826195206
13455308224
15737506209
13622726861
13238000870
18017829209
13640939497
13864164902
18639506664
17531339155
15081518153
13506406420
18020258064
17803576586
17775652892
13611976635
13201677761
19921310814
15013036031
17770617572
18867740084
13118783462
15158996224
13097273290
13964095290
18071465922
17554033070
13400372233
15153329592
17814765993
13788950565
13347784352
13253390009
13309715988
15860016761
13589528608
18352603890
13706354102
17359356745
18880844832
15275112792
17777201926
13838368442
18812113182
13034654581
17868144427
13328110153
13539433157
13157291575
18002271886
18211293086
18264314110
13245336885
18531532515
13849197098
17749101381
13207824433
18664046418
13040875389
17334108271
15216796335
19941771555
18156066862
13581868919
18758588121
13475515596
17778792033
18107811187
13828876560
18914297705
17891209278
19119274552
18835231551
15036568194
15010358101
18740544775
18758629884
13685486302
18151913305
15732992539
19819751890
13863504358
13281952206
13797870423
15151117400
18715399009
13603277210
15266483906
17202411078
18371768316
15232170328
18523982382
15962402408
15043591225
18669821035
18096448040
18866891491
13757344804
13260828992
13176971554
13280015712
18962242027
18206228992
15863637836
13356690208
16642609130
15707680833
15179979472
15014026990
13176440838
18127585799
15226518388
13006580171
18820919052
13691566491
13156017903
13616992660
17886519263
18738923256
18306694674
13135935914
17762429025
19956586255
15163712555
15550973932
13880862608
13975977074
13834642140
19936777213
13780928691
15682072992
13651363666
13588996310
13933818204
17317895776
15588122902
18377717348
15964375809
18345387985
18971189282
17774668802
17689985862
13515310452
15797799035
17791800589
14705513130
13819964493
13320584980
13588135034
18826505178
15840282841
18767229729
15689312338
15165847936
15267032200
13380341958
13732570899
15866675740
13504966672
18136806816
13603293293
17877107343
15678666664
13305111351
18080986603
19965127668
13425489708
13156572020
13061766368
15964496261
13105112000
13813734179
18691202591
18134552173
15834106585
15184152198
18586479710
13373651118
18771704830
15021454079
18980720435
13972679727
18821672920
18762605989
18642169528
18789381172
18677057683
17777571569
18764069020
15806369035
15653385014
18996694200
13046045417
15628006888
17876857935
13954116377
13668634849
15158808247
13985146747
18233038303
13590447319
15256718217
18676656919
18353188053
15394713203
18562157356
18277100881
18287499442
15069136016
13752018660
15239327866
13834239159
13048606802
17788789744
13567222883
15054109993
13573366160
15076288260
13936265600
18810275081
15559309675
13864339563
15808584535
13276320096
18949865151
13701544562
18077723051
19825978398
13695314983
18463266078
13583128288
16744948183
18038092278
13984255421
13603109073
13573374638
18225126725
13255695587
18332910383
15779578322
13427524315
13716161069
18253101891
19903360108
18378932265
15562558229
15098717703
18579981275
18252607556
13520966090
13253386637
15319716363
15238792079
13784678459
13851688580
16737919132
18978183587
18866639377
17547671117
19155141119
15527723396
15855078908
15354528067
15965310875
18643422347
18357796665
13422243335
13256136036
13176579399
18870019319
13792161316
18854981989
13887080202
13115552356
13055708720
15956369085
13544442108
13655062558
13523355599
13354876924
13943838342
18512131666
18137569666
15982273815
15837354688
13622575419
18560918512
18172511416
17705913510
13851885043
18994080713
17201768551
18678199880
17607192575
15772474713
13730685242
13571968079
15908079146
13722789759
15825549831
17685616917
17640100175
19867736228
17311156900
15375060023
15989019850
19128100487
15977759517
18574476572
13455127680
18169426441
17607211329
13763046058
13751046625
18560372726
18800512114
18635110420
18064087770
13950557697
15251717125
18663008062
15230175432
15876233854
17827471509
15962676567
13391081368
15083605100
18931982612
18525320000
13322748032
18793330992
13543263756
18143445861
18678231173
18092267157
13813853540
15076158967
17775101243
15052285999
16608803950
18242779209
17321092911
18151136195
13100809659
18357331017
18909585567
13997262927
15399858743
15093230689
15861550651

18358657342
13062886086
13472574229
13015745131
15870788480
13813637914
17636531101
15916066662
13954910158
17135341783
15094884805
18769971675
15209895394
18873293833
19186329359
13736821758
13699564173
15600218023
17610245861
18815333825
18274342008

13280612893
18913179659
18921764729
17835195432
17596959401
15254135197
13559926232
13573851645
15098058331
13930809425
15080374296
13065120413
15032117570
18061732763
17600511173
18084023077
18352531911
15675128698
15972197382
18740732011
18973237273
13422359287
15606436089
13573756609
18349252356
17855526856
13127219169
17336165663
13165331560
18834110565
13840934593
17660103749
15532381969
18206229790
13798804519
15230512062
15988498542
18314787826
17839083711
15841639500
13794141478
13964450632
15532935259
15759244554
17817444708
13864333305
17607645420
15898819156
13827214942
15333689788
17777050179
18001985564
13255334395
13422121291
15380151551
13770757839
18800326310
15658615566
15316853350
19862127315
18127632193
14723918050
13725657416
19970110387
13290336815
18596011403
13884186978
13815968472
13720112610
18641920840
13938456810
18321357980
18142870545
13597419690
15333381977
15636058573
15019179022
18345157486
15386203513
13600010189
15926229516
13581018461

13280620670
13157137303
15383907143
18332328332
15994383280
18369946028
13437430153
13068953980
15030695166
18858856688
17379288882
17362166724
13788580106
17395079702
18843181171
17823182900
13477032334
19176190492
18946710820
18914952452
17605014993
13063615111
13605145792
18683112098
17605523050
13323861108
18059884781
15013232730
13019135536
15054615620
18561639591
13940809642
18606382068
18103211016
15069304578
18870048970
17686400089
18318681349
15811749849
15102347428
19974781015
13917990560
13148928210
13076692443
18269341050
19991520368
18540141156
17771934420
15235368834
13873136862
13329158661
13389316563
17343255964
15537324959
18964848911
15075559241
15660463638
18752022269
15656122573
18988765274
18201885765
19862399616
18253357955
15807128198
15269325553
13864388143
15907330707
13476778320
15066303180
15888110271
13049787018
18795923102
13481509260
15665230209
13681665692
15652486173
16638161485
13573668244
19173546819
15727093020
15370952069
15996009490
13912335768
18293130272
13916025222
15550409028
18816185913
13936544210
15668489695
15264186055
17399778529
13091298683
15160181852
13684240840
13131802125
13083989670
17638321330
18815333539
15396954545
15288052822
15827260531
15377571232
13854109117
18700737390
13601215852
15638135361
13297495070
18115580752
18560835949
13975062576
13422418036
13352923961
18353188255
15275982385
15081290263
18543916986
18137128853
18020197760
15826051100
13977438900
13914496450
13906655174
13206051142
18791044561
15006392712
18937007680
15059261680
13903786424
15842871887
13864346591
13512365668
18668191190
18384519870
15758571631
13068752029
13872084897
13217980269
13712081305
15301592213
15698396332
15159108160
15053430035
13696083096
18607634723
18256926128
13001714727
18115936911
13654111522
13711494226
15946698765
15710532508
13246120569
18595581809
13814680687
15753184963
13886444279
13281130449
18883959305
13217155860
16623076081
15135110133
15985158643
19825026921
13873159920
13853316875
18392926409
18202767689
17600421829
15858727999
15182900882
13635607745
18767901682
15905755089
15289341542
18202286509
13978405186
18161863207
13802789995
16720381998
13582351366
18511806326
13954911632
13550323744
18737017690
15974294505
14785252446
15864471986
17378024112
13869978757
13011625181
17785835195
16653538865
15387518726
18783670071
13623155122
19853100990
17798419113
18221222579
15913612858
15257846293
13582012796
13512341685
17629988102
13402447530
13618054118
19139331678
15686258269
15951121423
18500168175
13729822996
13644915986
15098829290
17376605423
13537873590
15032702837
13805497700
17603006185
13710310310
15711465715
13540182181
13502192139
17369728906
15315207897
17165465139
18814069312
17824247427
13719188815
18659842897
13710326782
13165126375
13793153618
13015402855
13713559527
18817022604
15753175451
15630170896
13998752344
13632194632
15239237168
13554143333
13024728916
15097312151
18521395890
13333153693
17338592019
17675670373
13413919461
19930610603
18321632198
13983951746
16638135472
13806100904
13780186379
15000293975
13719079726
18706028726
19833819050
13969010459
13848612243
18707077750
13796617351
18435113520
13932506470
17352469997
17695878880
18560354893
15889462283
18396167566
15550069004
17392219000
15131256891
15653865206
13944126682
13368229603
13116501245
13663074384
13081420042
15618306319
19901421982
19864227781
13395277552
18778880159
13926800281
13817493560
13793318201
18219249710
13960321332
13123089878
18110301988
15158167575
14740479909
13714009583
19878763682
13401833055
15528007381
18068280914
13913055200
13816764767
18756521732
13860615901
15261589189
19179271356
15262372791
13573102310
13153040599
19905127152
19163370044
13887777029
18201572471
15975991398
17328559156
15606440825
18658390823
18265155513
15016471997
13964437771
19150301372
18872946101
13583197906
15930825098
15890274659
15315820351
15052524268
17329451496
15539999572
13951008019
13475177383
15162484768
15165181006
13554654873
13309408491
18169443922
15365008023
13724182990
15282680237
13728441947
15131215267
13952639656
15969707753
15130105267
18505319667
18124269967
13964316669
15033277798
18937430832
15713667079
13956222675
13913579094
13864057792
13666151654
18524366449
13135316502
19943086532
18899010602
15929457878
15919519602
17391903373
18516564868
15034183407
14749910734
13376250072
15069353316
15384500413
13659980721
18264106608
15062930700
13824023661
15015325540
19121290835
18173246492
15931861156
18641103218
13967382816
15276686509
18751194118
15854260528
13971452080
15522051971
15342345440
13540724470
15667111158
15824593159
13883827882
17355322590
13423407344
13389663151
13046780632
18947118359
18376915117
15142206652
18279932482
18268267168
17630928216
17353198052
15589366710
13572887112
13618460562
17766341980
13613633535
13268014925
13969346739
17866562899
15973294493
15911938252
19865007612
13026971186
15678782888
18094217629
18983590639
15016989413
13667319526
13306688710
18616773821
13546371608
13242702630
15355641146
17600931030
19845774017
18048526331
15365718765
18845440726
15268469773
17031283140
15684774794
13016112681
15986019713
13589713775
18054289514
18146613286
17896789731
13589558884
13317225035
18563939588
17030620549
18682498055
13675178406
17328308061
15078366278
17197186268
15100206896
18653337371
16740537049
13313591014
15383852192
19994669717
15901532330
15817921121
13409094221
15922417175
13969343211
18836028843
18207124872
15806918632
13197313263
18006406280
15216858792
13567701000
18118794039
15054140107
18918652022
18654988761
13854170864
17098709847
18682875445
17347152355
15324038887
13600541371
18252798953
13592221749
18545639225
18279998565
18953194469
15778616011
15058297607
17386035425
18918700857
13562308036
15964460317
18601902708
17664222837
15932000150
18106595969
18238358930
19918065741
19983608004
18908855293
13869497040
15811133812
13431748030
15863280503
15606655138
18377899011
18874014235
15339963380
13871709025
13099581573
17720258890
18938365756
18067811142
19926050481
18663936092
15628761375
13859272213
15544043321
13876697349
13356376968
15570626166
18903431194
13681395244
17368464520
18653399005
15955450286
15363220648
14706900639
17660965670
18834715981
18222064161
15813228899
18953394179
13659839895
17771813687
13381155280
13017256073
18272879524
15068010851
13644990305
13241114756
15640604920
13686299045
18719161912
18303369281
18872656482
15033343383
18255212973
13051411699
15840658686
13092606735
13777338366
15343225716
18775105192
18328590823
18316299461
19822656120
17262636042
15960294842
13724750187
13006583746
13713198361
13131847133
13573791361
15135088101
18924874990
13695609700
13758892969
13707842762
13019265845
15564469706
15615611974
18002703169
18611308941
13873844075
13345227312
19124221230
15529593160
13330519159
13115921795
18764032610
13821019642
15314045037
15107227360
13804294174
18751455131
15370375687
18032105060
13855721747
17828436775
17330575385
18101090389
13075517160
13330577160
15069380943
18578975110
13975901363
18214138325
15100722804
15241821323
15979194234
13785516696
18043049217
18645445899
18023633696
15940487273
13646432033
15130416720
13864473154
13142055807
13563493921
17046666371
15310629450
13603041724
15672218666
13561195716
13272233360
15557549305
17727971889
15930006852
18945473018
13659874070
17793813051
17628698819
15395443955
15123031092
18758155836
15633369654

13250313812
15230178947
18641114996
18338089660
15890012486
15803061840
15953156611
13101326990
13346197640
18599034520
15589296349
15933379991
15255283760
17750134449
18203691272
18817354715
15135840792
13532311691
13426237528
15589340734
15966964192
19956012315
18615151917
13503208582
13540889520
18678999394
18267128357
13794743064
13437231970
18246152916
18918523610
13267050957
15069036296
15705229975
18253111489
18070053413
18587740629

18580606307
13268258577
18062630313
13229935962
18616316297
13993037732
18622355319
13766255247
15553140082
17740404640
18358558115
17746641299
13568981262
18835165844
15927191990
13542878347
18660965629
18552757260
18063557825
13475543688
18813050817
18758948449
15564407838
13712705242
15827277914
18363492068
17756850412
18353107556
17698066830
15061885721
13951446977
18813079130
17320698014
13871551817
13862907773
15665879080
15233713862
18034210401
19182299231
13839373298
15214693330
13011612276
15853167329
18669852301
18735152607
17330928016
15640440650
17754723075
15961089105
15659188776
17766232836
15301437459
13606107690
15229351538
18102067225
15801840372
13165713259
13070564106
13007281332
15386140946
15536323612
15905197131
18945647770
17392233922
15995589223
15986995805
15336383391
13065277685
17347113195
15253277656
15269195504
15069887523
13537610597
17843832385
13929140199
15221139664
13596196334
13536522683
15319789183
17691042096
15966286819
15275173500
17857456310
15204071194
15672620901
13077229910
15175166537
13758454811
15065337325
13946089330
18871119262
15801836973
13930834752
17862802650
13866682009
13308386894
13377909282
18265837717
18754156444
13573352081
13141666608
15508685775
13795845125
18118113922
17790919997
17364064004
15286751526
18166101693
17783649250
15381358316
18061812518
13852357401
15160052234
13994498028
13835613817
13773097050
18174547570
13818346616
17724236274
17013520789
18629556806
18115388829
18073949481
15395120697
13357751262
15157502530
15051570633
18600134692
19963778369
13739060647
13634652164
15315732767
15253122261
13001707662
15837695312
17781217142
19903926026
17312649458
13777828906
15071688984
18737397153
13738585858
13621062814
15227150258
17689970928
13147652589
13022137669
13982213299
18560749521
13841693263
13806435122
15688892887
13853325045
15071020211
13111882208
15589989327
17786253097
19976011817
17726168172
13306016167
15534434906
15231588767
13792150627
18270019402
19832383301
15066673715
13798439357
15833829430
19865340680
17729380764
13590429323
18171128250
15138765824
15031150905
19914823469
15880246311
15867707144
18970247602
15090182272
17804488626
13665332967
18210119231
17554222442
15970623099
15678622514
19867483186
13393810777
13722416300
17505731989
13431962129
15170363662
13406776086
17895906551
18306840875
15839733127
18704010889
13528182748
19924280523
15552550596
15623669611
18101399647
19181908582
15552869357
13813965390
13967803628
17674649603
19174940154
15566416524
13530357490
15001942103
18893164856
18318338734
13271658139
18340065250
16602302341
13989191338
13516126758
18888300688
19962680625
13969176467
17786493415
17328523950
18571713004
13082548507
15166811366
18534476379
13910448756
18041917706
15853956977
13508687839
15763027731
15029960426
17357558006
15524153937
18943993130
15579109233
18045897770
18758198333
17502000975
18053950604
15972008563
13037268058
13886395556
15195020190
15963301090
13551918889
13980630113
18751288773
15041699453
13276173808
13246824654
13057511650
18663769532
18136498731
13972662332
18523146315
15630788062
19123459629
18764006753
18674715488
18372630466
13635009836
15361621276
13287889048
13771433281
13238872482
13956618512
15851895855
15895651936
15633729297
13929762232
18215585260
13663742028
13267633527
13312195898
15043837730
15692410744
15589448800
13922342717
13963018342
18353111311
15238443901
13388090836
17863792669
18775454988
15835752108
13906434758
13057918831
18374804504
13864394577
17530978000
15061188898
13231842063
15165336308
13605138836
13583382998
13076849914
15032691627
13719985516
18051721327
18141794106
13711093330
13229373528
18764122851
13203853311
18601197596
15327009214
17073817777
18663235131
18145753013
18150800905
18633056956
13466675713
18767553998
18570507653
15652797179
13663363032
18912502222
13962910259
18476674335
15866320771
18021752908
13535021507
13055860116
15615835880
15634501616
15588817253
18771111305
18149038803
18032020686
13345231227
18860403099
17757546682
15923088117
15851382634
15771790139
18632860351
13134244050
18802518791
18653354427
13916222815
15275957920
15190495227
16609400224
15969432214
19802557679
17633502520
13782233842
13481194590
18435746335
13676640869
18370632687
18212141468
17688217009
15219348950
13326778685
18862451730
13657759625
17329405050
13333181998
18627764998
17788766689
13525766769
15217762905
18266439520
15141626427
15033806845
13831545990
19951346150
15351895552
18606432858
15917283290
13817826681
13043614741
15071336006
13308160205
18930979713
18915144658
18867329886
13848127309
13720029665
17374406484
18250272383
15193667762
13964773526
13043322797
13685806144
18224418269
15029095655
13667811740
13612755008
18158455317
15505916030
18662591070
18268329330
17673143171
13970223902
13305330170
15797990429
18033556053
13563161210
15053109536
17349838503
15888985464
15830234041
15762858696
18328003093
18339464305
13194205786
17820129313
17662905090
15961130730
15806408939
17865327960
13545192926
18774971032
13073483598
13964035170
18633381578
17319294506
17629706028
15680538836
15586783675
18921321906
18673515083
13122058258
18500791683
18138309203
18946796867
18612405096
17688567009
13589050717
15072602262
15622244059
13349017830
15089818600
18446404696
15154065270
15707759147
15818163716
13036608723
18342880714
17513316739
15653133427
13940017731
18093891856
15713001826
18775087662
15967533956
17727963308
13405330416
13589145212
18030731660
17625917453
15853239136
18539359541
18392050036
13036874152
15754811826
13563392726
13927940980
15255127710
19913152246
16692586117
17583179217
17393154725
13867159908
13658015761
15364330375
13295490719
18560969584
13710673278
13052230957
13853334466
16634334495
15275953486
15303511109
13893332584
18264392500
13817304472
15938564049
13324444294
15931126383
18346341541
15569728226
15096930050
13832619600
18377507221
13722888882
13779956553
15810999989
19138270973
13650153970
13025539447
17165279994
15215885469
15579369220
13853353058
13027943257
18655996674
15898762332
15708180086
13043843935
15552685322
18677228600
17367681109
15324811710
13910400015
13609348270
15843120806
15725738167
15234533888
15586251378
15878742184
18946729860
18200455234
15231967166
15211131715
13921280512
15051322411
15725592660
13020066386
15831401406
18916618204
15906186561
15834307105
17717788614
18369218916
18072573260
15976389238
15066132798
15953281681
13409095214
13343110104
13618613775
13167338335
18121434383
13775330103
15027717195
17122212656
18918097630
18757567080
13976413981
18581254575
13869705231
18068255855
17768723690
15093339729
13760762298
15926719184
18101359396
17377962327
14739557300
13268013297
13923393520
18249901826
13124586132
15550332224
17060820744
13569621791
18127912406
17538590117
18959215205
15056129143
15098907282
19149838023
13951223933
15098905112
13682403941
18728386585
17551062612
15666777115
18769024900
13075860555
13423759211
18797477920
13190405500
15066988923
17370999126
19970684650
13696674825
15652811260
18615234361
15065319012
15818745649
15311866407
18722205423
15778563823
15070088283
13693232591
13026261230
18950454953
18816210721
15327388480
19912327070
15260027183
13914917122
18797902253
18581040105
13921118401
13398023388
18844785505
13867887512
17671815606
15622784355
19195715437
13268307513
19947565044
18508534971
17722471347
16675353379
15732903389
18575056084
17762432506
15577160492
18580101532
18163476457
15921649519
15662939342
15173426232
13407264738
19171202212
18627167702
15382158343
15050696797
18820967062
18784056208
13527202729
13509624913
13229318581
18101543396
15963128389
15966228303
18024427229
18921189673
13864377683
13932734797
13325212027
15767600321
15140478272
13727158768
18691195086
13355246965
18105019870
18764719491
18935136080
13554372970
17853692717
13217855967
13577840375
13287072998
15750781635
19864795153
15307883663
18795756895
13810072325
13588293711
17538922369
18615547803
15651588912
15829992974
13627100236
13355253299
17674111195
18593460511
13616418363
15029952359
13560318881
15157151152
15165173835
15137268198
18090638668
13321428089
15868485301
18267592551
15153866598
15582691298
13568641988
15246551782
15870612280
13941928492
13622313146
17881005232
17679238290
18732038970
17777145312
17736491770
13115647523
13903412962
14706662808
18688680126
13579057587
13897840474
19849705709
17729602410
19912100909
18604949576
13220688249
13765819249
13855529233
18674070826
18274280110
17260028753
13777413179
18582377801
13891859241
13351509059
17877339359
15278302676
13933349827
18507498401
19834496038
18852095518
18701705772
15513970354
15879371602
15297485156
18374595699
15925199788
18507915890
13969470243
18931611188
15901892398
19986295821
18971685249
18192371591
17803850107
17717250082
13998437979
18854316349
13396326355
13136110450
15170223415
13053725532
13290135292
13869398731
18702233299
13953324714
13853385668
13652529689
13567210799
15911178617
13355240620
15893059698
13457800006
13136873931
18300531753
18883850930
15897665160
15687581123
17749853494
15127655210
15165199309
13356367303
15608748701
13060847304
18193188123
18573727732
18562519806
15974119778
15268063796
13546016005
18510215658
13926799744
15966640248
18279999697
15163322011
19923853783
18838930016
15327296487
15104317893
15988120376
18371975618
18766969278
18532612172
17622961736
17183470268
15974259137
15757188794
13760845693
18331166567
18769770177
13483751620
18669589190
18106713982
16532649445
15753693309

13664875395
13841696688
15215386178
15267867501
15388989431
15616408440
15653324125
17779016128
18031567515
15888557188
18024442409
18950454912
18487056630
17764981196
15880202500
15572531204
18307200033
15866612867
15992353793
17748612829
15307312277
13616784668
13883358832
13175354539
18172162324
13960278104
18652682773
17354765783
15961261326
15575286286
13991613537
13047157139
13719448013
13798633130
13057233286
15920543204
13893463586
13561611231
13972791202
18972499017
18624628485
13412680378
13793345197
18145683500
18611201802
15732236925
15006533912
13125477117
15771135469
13964492507
15122996212
18767338730
18910321095
18383571835
15027696099
17854103869
13751452196
15863183376
13483544593
13711193820
13475595046
17342566750
13363503077
13482351868
13145984625
19986071937
13557806476
17351358381
15853902650
15505334020
18675531054
18112057126
18775801592
15803197053
13573387682
18841732210
18276573315
13688813104
17705191052
13507233354
19932909660
18692810756
13820714777
17504370038
13263828048
15019967316
15964464364
16651402270
17316231671
18362199923
15853111029
15209261670
18329459617
13389962916
15318117945
13360080037
13545455321
13105490099
13924753856
15175777370
15701684195
13553164560
15898130492
13626275052
13502821401
15250987548
13303306277
17771607017
19815399989
13402982774
15113749608
13735129499
15876541710
13323253987
13713748684
13373213029
15900789616
18234302883
13178026444
17756228236
13834886882
13429036641
19861321382
13425097348
13775615793
13906966793

13329155270
13373665558
13244707751
13938381019
13185042243
15081896206
15900763730
15330750715
15137466876
18731283656
17880402919
15866737982
15966675736
19926420336
15668188871
15534856085
15285250714
13999251250
13763802601
13430454941
17323892010
13682506565
13267605825
18565724744
15185936639
13422348553
13961456134
17722101061
13879497960
19931207192
18932419608
13548797612
18635112955
15092331132
15213099230
18991870312
18256272909
15763359956
15986235115
17875514912
13564681921
15327138319
18693070798
19918522117
14743701774
19962536229
15956582306
18173298337
18950430919
13861363597
15913091859
15965015871
13268478428
13726034533
15850835969
17771589558
13563205611
15290884833
18776190256
13113486308
18675950684
17638301469
15892756006
15356094945
18409516232
15806202926
13785386675
18689850001
17848546857
13925600278
13636573073
13783799331
18806596672
13642814147
18220978104
13161059483
19965010778
15250002183
15597013606
15072658281
13275162859
13466867907
18778397418
13451033076
13371563388
19825556315
15336878561
13864335206
13933332637
15292166133
13285196766
15953142631

15007670864
13235009559
13590341860
18850370252
15953158715
13832121538
13869347966
18684662880
18626893422
13040388701
13372100699
15991688677
15913708485
15759664013
15672301248
18763998013
15129616346
15871266232
15926815090
18475219697
15053351922
13725378251
13992862540
15272675902
13697463072
19118934774
18217746482
15807040924
15014394732
15069306163
18319508851
18476764913
17776071650
13728151669
15953330738
18155745710
18931880560
13076160757
15384706628
13790795576
15605043835
15865749945
13853108733
17827246689
13817142780
16630302219
15638254131
18897530507
18312963567
15626706003
18830131922
18697012918
18244261518
18566864482
17345469058
17665000375
15800008403
17357909250
13986475218
18057932315
13638616785
13573867941
13355419079
13355112268
18944504503
18862199901
15128111234
13950632646
15613211068
17878915988
18165379890
15215858269
13972161686
18633913315
15521845913
18802632412
13824502899
15853132696
17768577623
13589528519
17261296273
15276773947
13283760521
13030110082
13176580692
13872823236
13864976282
18262005421
18946481651
19941893762
16621266722
17773931816
18206019439
15968409242
15069188896
15840370256
15318836667
15304013758
13910239424
18510120058
15113190708
18674860798
13107625329
15971283822
13244109618
15269392655
17324241642
17761583935
13869368025
15312497683
15163289201
13879972428
13231291895
15798838467
18602125753
13550078280
13356656881
13700424675
18318301840
15712637579
19127856875
13674238387
18059634985
13552414939
13646438818
18008853339
18856991790
13370938820
17724676379
13025930927
18275783554
15161299892
15204515462
13546071069
17328412360
18824742773

13786649091
13869314977
15302791758
13895026753
15001094610
18182004412
13155672876
13223236363
15927733903
13754678784
13791514367
18506156149
17805983970
16632233136
15773901908
15992325432
15064314193
18402539494
15074729896
15076336427
13963322777
13572467903
18573489775
13633313841
18577580463
13761654214
15939037563
15506675209
18565196108
19952700270
18243723420
18778048694
15864929818
13651726809
15954791292
18967192722
13811012285
18835483406
15205247902
17826193220
13473937942
13901266040
15157259692
13695333296
17531703907
15961120112
13730133388
15350663511
18364308727
13413199793
18352222649
15993366530
13974855618
13991420862
13047958403
13022087696
15603650728
15098872833
15021627851
13050558713
13812838716
13009493129
13769555554
15633313103
18254383291
13307552844
13022669099
18314276341
15933601415
15692315145
18917821958
13954347158
15264322607
18318397986
18059779955
18361408810
13583313131
18558863333
19164643302
15726126454
16601895242
15067650164
13590754004
18689590062
18603290728
13298310238
18144251449
19973675475
19144775827
18036815583
15278074099
15527361991
18945540771
18606943118
15097526086
18438682510
17898874150
17711066062
15003884300
18948716759
18796803797
15264322387
13714827648
13287822228
18537196652
17762592570
18022592773
15688516669
15238640516
15814302100
13994348082
15911637081
13621808755
13153739536
15263095178
15288850221
15840100408
18579175401
17304277521
18023519909
13323001627
13023621126
15239731157
18176779172
13685202028
15254133172
19968244941
13663206806
18841178635
18004311092
18783165818
17600240318
17535246599
15815824684
18652053669
15150857798
18012028915
13580401805
13550246255
17743199635
15067377337
19143547367
15622354754
15806902979
15833558426
13681316436
19963981227
17770531920
15116806945
13949488869
18243522782
13478492910
13937182974
13651008505
13899921072
13178761715
13104609576
18105527020
18583269979
15965120819
13072769913
17866553527
13958047324
18326399018
15968922251
13473996988
13561622333
13242741076
18078836867
13290047444
18911326369
19983433109
18171578598
15621870391
17755783900
13834278737
15277860185
13603158045
13974431471
15653609999
15986104178
18902384693
15021109003
13861485143
19178751207
18276815075
19942193988
18014533322
18663709827
18919430032
18222326140
15020802552
13454744889
15069026932
13428712925
18451019622
15606406680
18229803494
15275956453
13018260343
17261131159
18762754320
18763983085
13828188520
13438168252
18008723234
15269617974
17742002242
18051946091
15265045611
15027274842
18653141787
13060967879
18866674203
13853109972
15858856195
13280689358
14700069966
18719138972
13110580536
15093153090
15267214917
18926538890
15831222604
18356095641
15868902360
15158087374
16572862514
15807658856
13127213627
15972076490
13755986630
13548729698
13151179489
13565070001
18142328881
13951898686
18270930815
17688984188
17642031323
13181744114
13607828159
13175553325
15815209519
15019888541
13216933974
18360738260
15230176717
13750286783
19849540797
18054172170
17683965968
17521157895
15871310708
18673066168
18357874515
17308018709
15552850757
15153197811
18166199282
17752268331
13961477447
13857565162
18324325871
18929072286
13991809009
18277143657
18553336003
15066472598
13987790945
15982449548
17635108596
15169049363
13550551263
17791735206
18830781720
13545005996
18241091973
15522365272
18678743479
13599213580
17636531811
13517760128
17043763145
15826539343
15268438616
18005174661
15154078529
18709912524
15674047973
15157544970
19114505015
18014852370
17335353175
13905579308
15216922137
13879999357
13819213997
15859264239
18854536326
18811073450
17710861920
13910933639
16671047996
13730553628
15130090639
13417604111
19861828074
18818744759
13042569815
13117189908
15841222214
13545240660
17304445771
13161864000
16646915712
13255942353
18730470572
13561690416
13147922642
15931192343
15065899569
15716607122
16689042605
15608213152
13636266656
18879115060
18202782344
13428995599
18363071038
18907223766
18053489865
17507410883
17200927523
18271416553
17841694848
13510528778
13192236023
18177354174
18560872120
15251896720
18754393171
18680326314
18818868932
15689735531
13265039197
15757756717
13422199044
15816219214
15826799699
13889313054
18694056233
13823367102
15651976661
13710674988
13073129896
13544645575
15864499950
13644266118
18926468580
13153185642
17374837379
13803856570
13604993152
13573319346
18850939765
18356954375
18317128135
18066502680
18953361500
14754305086
17753300870
15172127876
17752531920
15206892598
13967416892
18163551203
13801489524
13428741334
18137983693
15998201264
18675991586
18450050880
18923704212
18818784201
18963789668
15013729669
13700311299
13523526408
13302514953
13069612337
13718511732
13883715797
15880001793
13912362321
13117940048
15610150620
17877122889
15098927687
17887905840
17328293971
18508278920
18420045356
17339923061
18026036338
13722223670
13806666103
13623332721
13690587860
15118957936
18529342615
13667346662
13668071226
13503033819
15537555594
18006501917
18100144485
15296449981
17674058900
15709418010
13655195349
13884616289
15533213019
15905906167
15838626641
17792589455
13031701103
13267473913
18115219062
13660674674
15169189733
15699914653
15333509698
18254910615
13774501822
18757036978
13515436368
18786760985
17752735141
13774262696
18019681666
15966965260
13224950308
18605436119
13757221428
15556501717
15071134742
18763240129
13475245173
15895227028
13828808043
15871585079
13512222525
13480388071
15733281926
15643728680
15618949985
18166855661
13534323603
15098781919
17302096254
13306490812
13793706348

15057850332
13755717073
13632531907
15395158386
13073630631
15542471706
13427916431
18680579168
13416942550
15064750492
18731368428
15064136360
17329655904
18545068771
13583392664
17260227594
15993568191
15757119624
13559754191
15586759591
13953119889
17856338781
15133114580
18658839419
13573755991
18503577860
15069010887
15689929371
13869400336
13854413007
15246631115
13964308500
19974134741
18666430886
18769137909
17349943759
15938107618
13361328419
13764070425
19174815947
13252282558
18790049200
18664771226
18819177236
15163983532
13100127810
17596231596
18290226087
13560342071
15333228894
15617087008
17747127956
19978809966
18573649369
13389216623
18162840161
15069300938
18607388369
15088672037
13046063849
18734194493
18655980593
17826261780
17737149211
17748648412
17773523367
15119888231
16696332110
13976719167
17309460388
13557554182
13145647219
19825877982
18932658585
15279514346
13738786542
19892572632
15951383486
15951291880
18769202657
13627124106
13657830893
13927205918
15505541108
18961095643
18278436527
17871045114
18310989682
15121873006
18962477117
13971373660
15132129716
13718175252
15066672058
15184408514
13096668395
15288962352
13851058686
13931142133
15572866588
13628381624
13589259955
13972393120
15023676058
15053382561
13858712470
13906437275
13869358171
13125183669
19953815731
13771191769
13656950588
18879975853
18936358533
18125570661
15143466876
13467688296
13070635014
13934191340
15876908170
15550308883
15082759649
13665155523
19965803963
13869369856
17340417963
17150510250
15336423764
13913273113
13504424290
13558666143
13405804358
15160213273
15142827344
13780245533
15078912307
18036111288
13862505582
13781250756
15163590113
13557915400
13082125267
19986182265
18609319150
17733463854
18880441818
17799119685
17680231813
17377223844
15370203525
13232531507
13176590861
13789893466
15819648642
18958178907
18502131128
15701325676
15098921650
18056120546
13893393657
13589087563
15941708532
18763419810
17763615142
13627659556
19840499846
13799061965
13363588029
13563080996
18804877260
13823535613
15713873963
15629200328
13583375384
17391643136
15859977998
18838951021
15210107938
15862624946
15777192113
18721288221
17745411206
13473756901
13583324579
18509290555
13322246000
17877202967
17739741115
18701762621
13833161077
13265020150
19939943941
18751325399
19141206613
15914198767
13911893442
15999705516
13760287953
13964977327
15213224209
13953193257
13722525729
15818800453
18368647509
18220686153
18666048272
15222374224
18582639762
18969064442
15215736043
15214358028
15324399331
13689605758
13506545395
13102780613
13600003629
13020656607
15371104287
18653912181
13212798537
18242052735
18334805668
15958265220
13994543660
18929505683
15805906696
17311569656
15693108877
13884021162
15047296677
13712895214
15863620099
13349318363
13699013872
13370692786
15822174283
13784663757
19830321117
17736970707
13915504315
15864525804
13864992274
15999868793
15337325405
18522417005
13976695028
18402182981
13280667160
13812615667
18398321966
13335969556
15623223200
18346188993
18074504634
13768279517
15691768861
13387987006
15806644429
18340093221
15165148372
15568491727
15881878323
18369335927
18957386647
15018375701
17307639760
13851221006
17803314981
17716608888
15235248506
15771074964
13348616806
18506438175
13541698228
13355265369
18162546118
15803152193
18290422157
17690819237
18775096829
15123428603
13238656460
17860636666
15968165076
15074738693
13202496672
15802569193
13826494639
18831556985
13116322981
18935038414
17779257317
13680771065
13350788584
13432700720
13953334587
18131518925
16557971307
18790434247
15002963718
15984820260
18896153427
13955598524
13649800951
13521470133
15578785608
13616291270
17647576777
15014037335
13333027356
13793332309
13819281533
18904060119
17609269942
18218811795
15150483632
13705339688
15098726815
18202708200
15898741058
18768516911
18895309142
13069386232
15929709888
15190487255
16512999231
15986735540
13572012570
17302809498
13337494056
13178888227
16676001649
13588506519
14726954940
14716834769
15726430527
18607226606
18714607093
18642627555
17870171423
13019844308
16622792663
15230192815
18766126654
18150835660
18735018014
13790792232
13170929357
18366198083
13204517191
18868406178
18604441306
13593832523
17371275619
15808703082
15348257825
13668827725
18682490467
15712172626
15082699611
15810793252
15002661133
18071126107
13560237204
18855193978
18227658048
18640434582
18244268644
13951688529
13500388463
13066919990
18198915090
18714108268
15853319435
15505600209
18880469316
13816456322
17705176850
13070667822
13049117395
19892883400
15372846705
13975720255
19852032567
18772885513
13816985007
17317502004
15855109235
17605240448
15131257927
13964368937
15861529701
13544602908
13907129735
13803335445
17708826816
18588500268
17607063240
13419298236
18610049179
15295692347
18971968212
13758103063
13220890539
15288932168
15965770223
17260673212
15342266908
15116498939
18502577782
15828536956
15001040827
17706522502
13969041148
18003772017
13823483645
15800428105
13473570800
18909449639
18324730645
18084816959
13917602470
15232740785
18732573247
18940269999
19979758548
15953315515
13004007013
13761390097
19973991723
15098715503
13878021414
18345715372
13275396965
13668277354
13053039011
15934405353
15020009327
13785306964
18889867091
17733479970
13116622730
18156034408
18618300277
17680471433
18470430768
15725803304
19924222638
15681550898
15217237425
13930232334
13355336035
18999281752
15643326505
18021244889

15659780846
13503838612
17721302077
13439585346
13256620978
18827610103
18059766157
18859774347
18028366919
19174164909
13363858532
18767983130
18508572730
17675752269
18661600548
15555549716
15017964767
13644579885
13564162099
13286377353
18556813582
13149767775
18214476060
15369113741
15327320184
18521368619
13963526731
19194223118
13235195683
17202416162
18011313179
15150668158
18568863012
15029533514
15073338857
18944752305
18518769500
13513451825
17863968679
13922004198
17612024145
15315332898
15700848902
18453350305
13953185234
18780883855
13521440590
13922732612
18911961349
18327670317
16734256486
13780315959
15986824948
13063282371
13666081011
18102372958
19858187850
13202998502
18866478714
15549215216
18935157094
18863091611
13049275001
13555582070
15567804208
15176977736
19925671998
18187523374
18017880713
15809772852
17725998315
13833128122
13431887863
13151513569
13400757872
13322423690
15530856072
15908087771
13890231256
13584468499
13103153153
18233403499
15237125293
13512504206
15898711296
17768143260
15673167993
13394720596
13336010774
17875459520
13099975930
15377990207
15526428761
13725769542
18633881021
15530231031
13070676027
13730313031
17864229931
15931151210
15192127070
17376232402
13675121473
13263165135
13475990333
18518985518
18328068627
13860229598
18576049702
13783590413
13053344498
17857313577
15971852855
15899566561
13537414154
18575319929
13808192867
18437093593
15609688621
18950397158
18007226235
19992871298
18624856969
15081122007
17774115638
17681023795
13986690980
13258971217
13914379547
13128319999
18047230089
18921032006
18354263260
13018210786
18833361993
17336764772
13482677169
13662375150
13772690351
15719293925
15666407337
13973969975
15735934940
15310118794
15537334238
18353136528
18527670723
13711909537
13896889168
13631377092
15045567924
18032914220
18773524370
14796155469
18263501130
13946975611
13434545991
15922222204
13752702078
18001711399
18661121307
18160902676
17601015353
13688909714
19883196566
18653336795
18820133121
15826159661
15189490022
13395101956
18617751818
17596912061
18606432029
18653939650
15729398635
15300721334
13832108323
13677126084
18368130602
13669249953
18652245127
15953365835
13466505801
18760446525
13771510244
13864362491
13964481386
18863580386
13645330897
15107664279
13956979878
17373427757
18075140935
15315411456
15057272862
15676202957
15284786466
13068918608
18602153555
18625860059
15908610108
18363671898
18291901298
18280374621
18319898616
19938212574
17728504419
17035274872
15235723399
15142355459
15370757678
13712665419
13645557561
15102309334
15057066187
13591818672

13560241921
15571390965
18954510675
18588800409
18246958231
18826246807
15355997298
14767390117
13952980928
19180686563
18959599986
18904487262
18816846726
15726158525
18732106832
18692754896
18083649399
13757011555
17336765002
13062098318
18306415679
13463505582
18085023612
19965412404
15769581523
18318575561
16602307966
13583397759
18114322991
13072001425
13173269391
18978533124
13176446523
18565111209
19965300906
18945150818
18634507660
17391585341
18231187606
13404461613
13072569573
19828352025
18649500004
13271732676
18974974735
15800807958
15167595109
13739858896
18875314708
18736022888
15194385628
13701572894
13805319256
18642732959
18175540314
13557956839
18692799877
13759164456
13955269638
15282331114
13831489407
15956771085
15215008242
16606279903
13532140057
13509232217
13423888936
15263904191
15547663364
15069085833
13797104463
18230024072
17727902146
18360878135
13377677945
17759977379
18320945096
18016460046
13819221131
15269161973
15018805461
18055285359
17661569673
18796259083
15297579691
13752567173
13480655554
18392769411
18684066685
15530261657
13952076123
15069081601
18954075222
19810795956
18369272288
13867455204
13360783746
18279999181
18601144531
17864227521
19160346434
15577114980
13116047057
13365921170
18580882888
13016765918
13652329587
13098333943
18437763833
13001375572
13969349946
13423191452
15551502737
15205595850
18753375299
13591826210
13381367329
15169011915
19110752811
18361438188
15910912057
17531055707
15987154420
18199124426
13999028513
15591516113
19864112402
18938185540
13561608828
15152251251
15245356594
19962171635
13434938455
15549555735
15966601827
19864628600
15928448825
17854166786
18365994112
15948665484
17318638390
19821169887
18434961839
15553304126
17034008046
15145198388
18069366949
13866739776
17802507260
13934268832
15869373207
13437293872
18629190170
13732405303
15888905946
13905024523
15671095761
17735114161
18821610867
15169059480
13315452008
18382826783
17692410200
15630128218
15066892516
13917320604
19987361342
15208447224
13128329969
19913257321
19196786686
17784279318
13075718372
16572306878
15903373060
18005333034
18393630858
18016577310
15291157369
18673900211
13581044669
15281320329
13110405090
15251152922
15269995062
17205222889
17744466062
17371943181
18047168444
15315331925
15027778626
13864356070
18953191985
15859434982
13770132392
18852978206
18326215129
15032821706
17145467711
13143246557
15720752769
15911540666
15770787606
13411771773
18971673359
18223645670
13418196616
18696000065
16626723434
13580707990
18909122416
18884378669
15273490893
15275951012
13075274860
18578333383
18995952935
18953185389
15692336215
13211621018
19170598793
15549308780
13358949001
13281233093
15220186263
18766690707
13478685172
15063042273
15872568707
18194047790
13953168057
18827332557
15936635685
13775498963
18312406599
18107601478
18312625761
13771059893
15089907089
13266417042
18534521282
13214133125
18103116683
18673231969
13574665403
15230240084
18660811051
13435789931
15169275731
13087408952
15891748673
15099231314
13181735363
13078112024
15031552236
13188879103
13405766664
13873086039
17795623908
13590247570
13483697936
17377949189
18680286723
17342807858
13249181255
13971499234
15734720223
18158216729
13717276120
15513622688
15800166100
18107305335
15140334697
13642399913
17311390895
19801106253
18959553511
15577537865
18031188700
15308342600
18219227256
15069529313
13505956155
13360335035
18602234920
13142084554
18932150196
18629550918
15376241921
17721179480
13872725577
13581194755
18277970369
17728074420
15970146108
15835302887
15271473550
17342765795
15615215505
15565270817
13969322497
15866294958
13583916663
15219109310
18781373263
15959563907
15863613370
18198922683
15552406636
15366212969
15088555951
13833149860
15671531939
15072781366
13817089914
15050678037
18746820534
13785162913
18125525922
15168843776
18834865903
17302394398
18682947465
18110507070
15835541352
15827273111
15821330373
15819169238
15055115023
18977112989
13705466068
18199122271
13918511339
13145308528
15263819409
19821839107
13177237356
15806407959
18518491715
15801536706
15181162292
13611062705
15707853309
15165062230
17335440882
13656481204
15153155699
18945787227
15853702595
13386430113
18755134094
18708160908
18986869338
15925980366
18166377503
17640203772
15054940688
18950600666
18204270382
19933512506
15866331111
13906438163
19106499427
18998838347
13853378103
18638811123
17857213446
15356933578
13396411201
13773486574
13378326090
15238628050
17372792041
18727351811
15522023519
15073471442
13553194166
18580396878
18953943627
18852614565
18502062254
13642652510
13472330137
15169251732
13006519358
15347414452
13453071104
18764119930
17331356903
17728516104
15134216130
18064048780
15211246631
15153355573
13563697890
13529747972
15558132757
13404228145
13566565320
18937792500
13479466160
17629281664
15590923333
18250635633
18300357377
15970470547
17170737529
15876970849
15538358850
13405529096
13914544379
18607751049
18630195279
13913377510
13855358415
13545325111
18263232870
15160766682
18817359730
13583364041
13421873934
13937117996
18668591767
15013652942
15310527523
17348527992
19183697879
17792575825
17376012295
13552161447
13216191227
16654113134
15798923616
18086531616
13347573886
18104999970
15633580472
18935100173
15163543339
17796951258
17667521586
15822190313
18392672758
13671799259
19829640654
15990751097
17776500507
18970336119
18302548521
15927184053
13869120204
13267012160
15770841366
13625553889
18850472300
13622000623
13433640278
13018598198
13798316537
13820403830
18553207102
15100558396
18120199849
18107342880
18863996072
15066110308
15892116658
15269392891
15203219052
17375783066
13964331387
17689931050
15884243651
13632417100
15994385272
18354131033
16532468119
15065928617
18858394667
15602453776
18627759017
15396771666
19983198724
15371481148
18805235777
13997932662
15713558828
13791010260
13553153881
18435373410
15153382231
15811814434
15280107172
15114632061
15231289587
17302132610
19139976804
16608052850
13601166986
18701720346
17657585915
18150645549
13964155762
15519824094
18711918801
15773229616
13589485081
15992004875
15925812832
15822186208
13176436119
15903348052
13589597808
18117302825
13730622837
18605330869
18055003753
19951920175
13058987647
18689492338
13355205545
15278178031
15900589027
18857313666
18382307699
18232181877
18668913381
17762416949
18163741024
18050276913
13355207203
17722164434
17765222321
18248790992
15981595315
15825338500
13016161445
13651770733
13528377751
13383198060
18002743126
13960523083
15102043105
15932217164
15006966562
13020665186
18522008867
13468428136
15296081626
18907302142
13183040943
17339501514
18186261055
18169732254
13998180131
13335103368
13720518126
13718811252
17031314650
19801077515
18906433062
13418841832
15963913078
15844699035
15367931675
13361431293
13191695101
17570898432
17663732439
15608202627
13413241906
15665836817

17620455560
15770962613
13652865607
13329044697
18761351927
13962268077
15347232926
15065937255
13901814673
13420404560
18669017273
15966318468
18626882569
18054723873
13906991267
15212071820
15169344527
18156778304
13602443336
13584888692
18823750707
13428888717
13583365488
15072683178
15800070753
18143077256
17718553165
13153956697
15059484821
13567219193
15348421704
19937935375
17552753528
13917528028
15827047858
13874930717
13545064102
13581681961
15238895098
18759203706
17749590290
17302536165
13871856009
18504515129
13754757359
18130119523
13791924914
18531666002
15311286407
18663808826
15260638102
18757158187
18503577822
19965002785
13589518211
13036734599
18062539499
16651490535
17717905893
18360664230
18834878028
15380409132
13670522327
15366417616
16678090571
13386320212
18736921020
18691665956
17873626708
13854178333
19965017642
18255041908
17819235823
18215559360
15931199078
15916733439
18330015026
18854414471
15962372598
15251727140
15892092637
13824361382
13554786021
13230885646
15350859480
16632457221
18834188965
13921705381
13795261663
13226451526
15312891602
13160990822
13181737126
15631562018
13725049385
18136966696
18163309884
18977147756
13854092002
13621080645
18815937322
18136287721
15118395715
13650748815
18764321777
18788462037
18739500027
18476820201
15312495065
15866601953
13841712101
18942509427
13323955170
13226860646
13100968319
15589320558
15315132699
13842894896
13613504232
17726655119
13697427694
18319916624
15027708225
13816317228
13970082765
13604219321
18634308800
17674031934
15666971917
17301758528
15295009095
13793007165
13994513534
13166762447
15641120089
13972739422
15158587159
13391538501
15621856936
13156947036
17605411996
18571503309
18681460663
18843551746
15953335002
18606707872
18552988934
15389053092
18244288867
13250957049
18662147112
17731450561
18379703301
13506440210
17877371466
13884616789
16619830969
13865518743
13156987250
13682601814
18627278096
18966714053
13240096427
13537787135
13130302456
18413393503
17602381997
13751893049
16696571881
13246987608
18354657993
13561647232
13268391593
13338871281
13716636641
13480042296
13102022523
17863816207
13463985610
15666421629
18577150153
16742274819
13717165301
19829249833
15166076079
13528484796
13540599698
18621817999
15066996211
15129747787
13107956832
13930190906
18740049056
18387436089
17779826065
13398376792
13063688999
15850208798
17721007965
18298673461
15920694708
15069010157
17378510786
17862328637
13898988961
18700903385
15364149055
15269105726
13646435572
15589706189
18264114518
15588817554
18275733212
17379837682
15833782672
15545008562
13188414853
18164750746
18608146555
18381503835
18241115966
15106865088
15387105288
19950755937
18721205328
15759000198
15698870220
13483420824
15153343143
13212565257
15374201357
13886359537
13832365545
15868136866
15004438269
15229944193
18665208670
19852849391
15050500973
15226531656
18550005723
13689959786
15338970370
18579059738
13992535950
13226527161
18039575373
13161300574
18223499423
19936072357
18862116040
18654600080
15303825133
13512622525
19976277812
13734714653
13313057995
18681255719
18191701531
15308638347
13904353316
13671506831
13234027075
15996646601
13175956028
13969110998
18349954939
13107675203
19136803201
13554806160
18180501858
16653147691
18766402906
19807953774
17826174603
18767183332
13963222053
17703839679
15272524214
13894582261
13807399793
13918599016
13708388166
18463332973
13215302276
15072121010
13928430007
18763972673
18268513638
15245015383
17782613597
13713074572
13433980639
18863023836
18910893513
13578470609
17122213207
13169881494
18537018518
18873831528
17799785209
15588361888
18906038491
13762283500
17373509476
18882522026
13305578884
15100680292
13189483182
18814112489
15232122140
18203433798
17772697094
15394366101
13620510042
18718619951
13708934902
15525788174
18137735763
15615636876
18038437396
15078755609
13971565276
15751058101
13584767148
18789565999
18668215526
13955861428
15988226967
18121512520
13924438106
13067772973
18916196989
19982005101
15066156011
18878021675
17739822106
17327665762
15146814371
15089918216
13335184201
13537174213
18206863024
15080928994
17554036382
18678181710
15588103498
15806669137
17824253686
15260565853
13357574574
15315144201
13333168722
18264195786
15105586450
18094216172
17007672728
18766977355
13906415362
18580923780
18852031521
13969036062
19156446268
19877256175
13616436582
18565248645
15028448632
13325581842
18091713460
13488882516
18954320587
18903078471
13235915713
13520608866
18032409375
13843489023
13969353502
18845895646
13031773611
19828919827
13713743010
15605335221
13986183860
13874860402
15131110590
13256412112

13666690365
13600408550
13782933099
13962243000
15076132739
15545336910
15143185009
13790935234
18077710519
15817850965
13317163048
15953317037
18582135954
18955080727
18924927813
13006572302
15899199834
15128789059
15089576723
19947638823
18912282005
18211618838
18221117396
15860289626
17788114736
15642037175
17339588057
13332127466
15718668846
13606775626
15232476149
18956670121
15192099257
13858034353
13546522188
15680958718
15340094143
18730929260
18344872696
13223841832
18973658773
15051748596
15190227931
17326009808
17336310993
13906403197
18368117742
18079650311
15213223920
15088445110
13466397016
15366706673
15371752609
15160271132
13896268885
15182484527
15233357619
15333120361
18613818476
13333709832
15020658588
15534228806
18072718476
13840075988
15033316483
13867282009
15053450007
13153391081
18120576668
18377036262
15821239439
18675192547
19931192606
15776605423
13994614850
15192107959
17708508102
19107210620
13992629115
13940280532
13780316464
18217763806
15665433016
13972399453
13438831115
17681854356
15868835587
18367997327
17368699193
13864159094
15951272673
18748159930
15520879278
19854172067
15133472757
13791441799
17756051688
13220559118
13863239201
18180942553
19858731022
18993051618
18641732867
13105310398
15208587689
18839978607
13313412703
15112933169
16733208049
13292801200
15816925916
15153363796
13393258915
17365505304
15940940706
18678821390
15112291098
13511794988
17764083283
15065859758
13003055176
17352993092
15732668796
18953379101
15388922588
15253309461
13842072686
19153719156
15892235112
18861633589
18706419890
18304126888
13986020919
13566026471
19821216159
15165338692
18768456571
18859014553
15154366861
13541047695
18905430797
18732830337
18305505201
18037632771
15852842740
18931019521
18653344508
15039057352
15636948224
18113779902
13210679655
18107378096
18088044591
17669307049
15219192657
13101740325
13598053305
13907683817
17708701258
18620363579
17321289119
13969358521
17898859872
15298789186
15171011876
15923508067
15014310792
19930630114
18173358334
18253368885
13751813619
13864335281
15985315898
17568116691
15083713657
15062413698
13954475460
13824308430
18689841098
17877806086
18933548931
15575649086
13181942072
17555072892
15953373213
13573373731
18510410777
13475593518
13631124147
18005055558
18699139283
13519449681
18176213127
15060353582
13365656518
13029773590
13651403418
15155409376
15129223542
15006202101
13969375682
18298187425
19171373796
13674683914
18123821254
13095791131
13912972282
13604562328
15205055230
13475545996
13583341800
13733337549
18633300295
13005340363
15206612767
19932818050
13306711358
13563988632
18032279989
18382349230
15189635642
15173336854
13403857050
15071489112
18663510349
15343347234
17771706688
17753143682
18902419172
17336468901
18302963032
15989063804
15549481101
18858168547
15753145905
17733862117
15262360916
15261651057
19118250049
13295419858
13817912689
13535877363
19197630105
13519787033
19119041448
13149605129
17695864829
18649360843
15375713672
15268457258
13581773507
18764467556
13373466315
13159429600
13880061699
18322821825
15263017573
15130152469
13606060302
15387215052
15859653321
15043788322
18969211685
13475559290
13376838400
18357710967
13335227750
15232019852
19905932669
18757591555
17689222687
15107161601
13192912175