15169507882
13604120106
13925035148
13711305365
18773039523
18777476715
13903753707
13814603951
13583286199
13755551006
13197309339
15589538567
18238203782
18017359599
15338298315
15907113318
13671457883
13642060981
18970593485
13670389861
18778684242
13932683820
15848386224
18350372708
15973262828
18045475946
13422530178
15814007850
18200213955
18066798061
18954102161
13428068847
13720179633
13726279404
18526076248
17835063638
13696887308
15152590575
15638078698
13954258208
18840857963
13651849073
15813373126
13377521828
15339052830
15910979644
13399468576
15800529211
15757817617
13214535060
15650568520
19883353369
15863808960
13871176616
15199219675
13615238171
15237605357
13262871896
15190330187
18889797305
17707701864
18574475246
13700673205
13680480343
13818585902
13777552839
13839062922
15020296131

13814439190
13940030646
18621919427
15871960871
18235758811
18634125820
13751613287
18027462402
18601683008
18797146153
13049496069
13250230234
13481838182
13591775211
16603508262
15828739548
13668598681
13920599706
18820139420
15861359841
13316157311
13026760827
15704239520
18810722022
18320719329
13570106109
15017524851
18793675300
13807114900
13763149922
18161961084
18721720645
18604930299
18694331999
13828378299
16602957817
18133125253
18103520278
13201919002
15763433301
13535589050
15889143704
13917465808
13825066093
18603212197
18991077890
18815908637
13634107575
13917897869
13126435687
15539576681
13422531214
13679201415
13580417577
19903136755
15318900879
18391045519
18007167711
13470450745
18982073500
13770025949
13758292537
15505975670
13650791397
15914350480
15815176595
15998698123
13729594751
13413373302
15339127926
18765501048
13129301114
15312168727
13679541785
13302465489
13723950601
15079633196
15847259153
18588809895
18502986917
15107537892
13590366726
14778361728
13705513242
13691926206
14736358072
13636406676
13656180878
19120599146
18702079909
18304167222
18813142643
13601122279
18316060631
15827298585
15995874906
13434140852
15138661053
13919469067
13676339873
15953299178
15162283937
13902465482
18072709610
13543690468
13952019616
15635433853
13924418833
19991668189
15359570599
15996329064
18522766177
18201012960
18943371970
13802287626
13787285124
13631254285
15357910174
15914336072
13945360551
13549788976
18574179442
18516240682
18670773160
13266892918
18223391978
13733232586
13551034897
15273119626
18883786614
13029155789
17815509033
15801832866
15026769129
13854518896
13620199919
13437059023
18617320780
17811988016
15637783045
13916125228
18731553162
13328228513
13622826185
15538770054
18731293024
13590400575
18844103652
17766849466
13650890687
18658607661
15757303430
18916073589
18797418332
13450483682
13921941875
13798056798
13975016400
13326997609
15997627773
13556596642
18750242578
13909539670
15276577710
13643508037
15850889896
15622728994
18689812660
18924613948
13057538165
13471161517
17750055852
17712908907
13687003077
13559227442
13620199170
13816099813
18170872478
13570064890
15760562091
15685852298
15998284141
13621910512
18035132001
15538719868
18753050731
13387754134
13032148405
17388488867
13642324595
19943903366
18389446752
18933177569
15808136930
15253854974
18354275952
18230506081
13954230916
17775432630
13968479709
18680455556
18959989543
15562975756
13286022528
18740023261
17322038325
13651837115
18775390578
15625878206
13610289250
13813886814
15629109433
18936310373
18854762260
15360435156
15500177267
19818985108
15068409580
18043003270
15817846551
15259825206
13958370348
18155522936
15617896927
18745080952
13632383473
15926828359
18815723822
13951408268
18930226200
13662422307
18897701157
19937530199
18749228061
17623203520
13725585818
15128264364
13480618502
15700114235
17862737162
18998106577
19854178287
13642900620
15755366386
15605968691
17811191980
15527069637
15804612066
13058980104
13461790731
13323325291
17860630086
18162579918
15850764618
15640937444
15666682931
13727333416
13470042152
13862449009
15853508320
15607414324
17552650959
13553262208
18078113642
13336113573
17858563383
15950010855
13405060908
13950154676
15940535757
15542992646
15154681279
13512959918
18920013357
13428274440
18156499487
13702349842
13437111257
13689560572
15992252022
15918752775
13619652537
13963809041
18988834450
19155721121
18369317727
13961218845
15587038851
16713110280
15263147728
18339575569
19851393285
15275311368
13416462169
15636116167
13873326448
18735963566
15565429991
15961407567
13914711542
13586590808
15822938760
17853110161
17737668935
18698661212
15954808393
15045622372
15643091115
15836593274
13984988880
15918911407
18367744106
17773144571
18554204051
13851812645
18071407976
15177769609
15668097682
13851184115
13623010089
15914449465
15954612095
13996738885
13815827922
13181474803
13816731360
18735177141
15910344746
15926237596
13384782079
13922233222
17601390906
17861691755
13711965845
13796232699
18322582636
13040877592
13129443476
15245847147
18245784423
13817718421
19189509190
13984380971
13251021232
15117677754
13102541106
13507082997
13590488309
15093823222
13665515226
13733415443
13339310722
13913333160
15655506193
15840472646
18205657843
17725400902
15689926897
18197258527
15252579193
19862225330
15880398081
13415528256
13851722475
13822553339
15380718229
13378050950
17636520315
15902870802
15800733241
13302224492
18756553849
15120999807
13840545492
13035316213
13621161202
13480303494
13688676838
15240216228
18826440054
13557791223
16602819621
15356828006
18730011689
18705851176
13798535728
13708730048
13414802026
19932751595
13670105283
18509948237
15821041039
13002470240
13574095730
18524747723
18062090991
13513221911
13242776594
17769895808
18389479918
18903718846
15616144877
15252683816
15941380357
15948817278
15623710067
18708501238
13920776547
18035222568
13141320215
15524280247
15392739211
15056714872
13775668450
13471049980
13826473410
15887207212
13825010977
13826204107
13867617022
15953651203
13644588738
13205662205
13922285288
17773049949
18511314710
13585239107
18676516245
13978173366
18641086253
13714562487
13514257737
15698855385
18819258318
18778635080
13670400588
18256610863
13570582050
17862318767
18645094401
15974207226
18028637213
13728958479
15315329907
18855070301
15143745027
15211339202
15256607001
15977164823
15957381173
13352345665
13640075440
15060016332
18249225804
13480238273
15237815567
13412595906
13947255199
13651945213
15797782715
13292692461
13438482871
13764242922
13337705445
15160331229
15935268181
13810390265
13501517923
13960733520
13822498055
15218806175
18339602860
13391899255
17607586248
13922255000
15890091152
13820232874
18315662533
13716165000
13888894217
18577228572
15182730390
13929189282
15265297237
17330833777
13798000469
18803972279
15040160082
13192259267
18091603277
15365836400
18073630657
13697482755
13329013309
18762758546
13365596126
15917333703
13038783163
15880493128
14718597376
18576553061
15007513498
13560169112
13924455607
13798407970
18678291586
13842662731
15753260876
13539569761
18978992622
13691812054
13608370405
13963829709
18665357812
13321640285
18978019043
18662295878
13480276982
15818682307
15007302154
18797117930
18815992991
18236563903
18868681532
13703350501
13975824028
13912160627
13725958150
13685445211
18956917199
18937260401
13804052416
13208737536
15663769086
15114253323
18996658716
15903433861
13930464583
18535547198
13469954799
13564690034
18022925059
13398203358
13077456501
13658051062
13824841022
18343113299
13318669227
19126901910
19933452049
15116467471
15228795731
13506116526
15800684492
13870957716
18622065789
18575005335
18661556671
13434328595
15287648577
19198006493
18520666797
13080558918

13570407482
18703211292
13758321099
13931377047
13361964136
18615350063
15890662773
15110636667
17354238250
13385972829
18645229877
18107087903
13955483088
15211041643
15361191870
17622913181
15812768191
15321002282
15868603450
18158182117
13922859951
15382169326
13918512255
13773197626
15924603950
18256990182
15701180148
15230509875
13013871656
18751970221
13660365355
18666610161
15647238800
18003836323
15917189279
13811476077
13866375602
18613839182
18908451117
15834885223
13545178346
15200292217
15823150236
15986149988
18515727191
13170039068
15877068856
19106000192
18949858396
13855260705
15295171405
13624941736
13396321120
18971362885
18367589949
17712962724
15367635288
13818051209
13822667278
15360289813
15034353105
13061224797
15779989068
17875304754
15919012852
13825694902
13980599543
13581645531
15645895667
19863712461
13970189186
15307163527
13920018756
15803846246
15829558223
13573533232
15045004516
13433972146
15236056839
18773588605
13640823203
13880079818
18765352175
18649043280
15916679770
15899808331
13113260828
13059416429
18755125127
18758896651
18756163930
13431571841
13506192201
15626414887
13817266393
15639869162
18730558702
13032671105
13677812453
13827123973
15907458684
18645292876
15028357331
13577208451
17861627160
13242819097
18643832225
18862069180
15208109882
15702085393
18774999308
18124765871
15618903892
15165579161
13817670721
15640507866
15804719669
15028352602
13585534373
15619256025
18866808602
18020727990
17634910339
13696886024
17793559625
18664506438
15800018070
15815746556
18260881643
13562611050
15205804423
18602613183
18231617284
15897459503
17343630736
18152841932
15919987690
13591928713
15549057577
18907950316
13965714483
13283757307
13601681184
18552701776
15731216126
13427422552
15822147199
13346550384
18326872979
18813756553
13381030167
13733519733
15360544007
15854966655
15603696945
13760628623
18928673932
13615552235
13226816169
15908972589
13766766128
15184884178
18274896007
13116131835
13851781226
15911560791
15266230772
15915991449
18200815976
15767107399
18389152388
15021362464
18560709255
15148084611
18878737619
13821830986
13924754691
13902695065
15863710920
13319520647
17773555881
13356475012
18337281665
18656796111
15277047902
13411162417
16675866552
18936304379
15969510682
15587190911
19852221998
13521765911
13918122181
13693634693
13861449386
13536951366
15975678891
13686194625
13599263000
13710505718
13751026373
13881711127
18001168100
18602206681
18083113265
18007555232
15256033255
17720900032
16624760313
17855837815
13916688734
18267721832
13784538894
13482171386
13539845374
18408268099
13542922606
15397265339
13871598074
18674898367
15889351590
13717007063
13654123427
15840652912
18525323365
13538870644
17775651723
17759100989
13798055092
15914093521
13584898163
15099881245
13599495608
13714119815
13940829415
15151058666
15800472415
15586228558
13656653743
15920890745
13876798383
18655222652
15088198280
13760743648
13125041125
13249000804
15315314108
13556037783
13526579371
13539512011
18819429789
18352775831
15540589960
15755408527
15013551718
13665710063
13922723700
18273363663
18537930692
18345027604
18435288673
15255628470
15917032409
13695290313
18239119267
13934224739
15988899691
18258190256
13125049907
13214679501
15385554130
15216073868
18265327792
17354172020
15887185479
13407190466
18545468797
15994884641
17612012201
13428899522
17371050212
13690202653
15521237439
13937606079
13589550086
13524681319
15188339145
13570942230
13899970076
13530608239
13277978684
13452580591
13916851913
13066089926
17752083201
17775325039
18798078399
13810108266
15158659199
13394756578
13766663992
18613977660
18562417917
13798953742
13482858679
18852811933
18391439332
15813801538
13663530033
15625266658
13249737249
18090867794
18926734849
13455519500
15085888255
18671550130
13718869563
18604249842
13148557021
13414331983
13660949596
18823679945
13622236267
18599027818
13968503707
18502346505
15701222885
13189450545
13760651598
18127877362
18102619309
18957017139
13824050000
13516839456
13729200559
13482382661
18665020541
18043859996
18567198163
13890280509
18091376934
15014315137
17640212508
18307741530
15288988528
18622704258
18050081368
15110620601
13632413227
15713630387
13207541167
18976765900

18271483035
15625077409
18278057083
13327908030
15308249707
19124080315
13553700200
13711321571
18742099032
13584623434
19857161499
18807087955
13570392041
15715696966
13709355131
17732997206
15598490817
18341406496
13701793870
18879847870
13935499062
19885661065
13794376400
18739975657
13416141727
13619319203
15915833532
13353098808
13432639514
18918117895
13025554445
13697106880
13116089180
15840080280
18200164324
13902876809
17755890356
18942172281
13503057378
15910624783
18507912063
13573061208
13967873372
18128223774
18824153392
13994593051
13933948445
15852969688
18921231749
19976728785
15838777639
13562195566
18120605371
13685137881
15843039114
15257811470
18604148946
18767121863
18620233882
18075251618
15603064292
15026530349
13712337370
13303601686
13191607880
13664917645
13770665012
15022572228
13620180427
18655533802
13699809302
13661912021
18807327760
13821621259
18759434012
16652028723
18364537217
17891189516
13512819218
15852911676
18859257257
13469977120
18453290113
13328652606
15578897156
15302031055
13260535790
18629468563
15550020651
15850065422
18694064893
15666090302
13610126398
15071139223
15058297607
13978328662
15055147192
15241567116
13601841915
13297562970
18270782985
13636578051
15827750586
13724542624
13387908557
15073580001
13485620577
18622015052
15385860658
17792835161
17611331917
13913322458
18798085306
13925198825
13768740113
13415055690
18895533165
13907395775
18538301909
13971628476
18570046771
15851832200
13510570247
15178961305
17601015280
13072527606
13791554599
19830352301
13553069037
18646097726
13488780626
15910541768
13061265983
13793314744
13710195010
17377001292
15119133828
18571330011
15255907092
13001673458
13500071675
13539849716
13761939506
15943054908
13130867737
18978989642
15822194370
13723701828
18751480809
13867710800
13752358880
13349508373
15022555105
15061226393
13713683903
13311817301
15077236776
18520624683
17568000573
15192973791
17539523216
18706413993
18502329163
18673511992
15078868170
18769920110
15807823040
18721513627
18507520746
15034528832
19991210981
15662996605
13560419021
18660003952
18560611661
13729462881
13459194363
18622026269
15854398714
15244503380
18816859720
15708486816
18926694702
15880010576
15818930318
13555673700
18859147108
17705826229
19834504532
13715983288
13556338911
13528053299
13854288092
18186202921
18093891148
15776325177
19941888106
18665301232
13854274518
18957989293
13370165673
18869870610
18779874969
15371816894
13152686927
18919991465
13891955753
13877685898
18269673245
18930986183
18943572780
13771838503
15304115998
18222386393
13450270476
15767726698
18685026258
13305921383
18983377328
17675689970
13340972176
17867878708
13422001319
13512734536
13368110250
13790047747
15534299324
13508307190
15119048448
15623303526
18688932160
17737318440
18020952777
13702694406
15210950424
13979952686
13426186718
13854215455
18781667133
17817085928
15136419050
18621361701
13910929802
18132663676
18971438782
15976568427
15773135671
15966877760
18024186120
18889346749
13650949108
15928969185
15163199116
18213889056
13828416165
13563156558
15064173710
13878871887
15011992225
13507887716
18041102982
18977486186
13662170951
13928800305
17782698003
18503881288
13276643292
13927266160
17378028290
13409607272
19801209391
13537656871
13093890133
13728077723
18098812525
19842311080
18612267977
13465657027
13395417268
15972903231
13826067960
13889293948
13044282510
15956016750
13961862007
13560111270
13910434700
13266313770
13682279345
13998564680
13661985335
15396356969
18955752370
15355838776
13914220777
15801784753
18052094162
18253906141
13176026576
13652726318
13058041436
18600913014
13094931193
13729848551
13068741502
18950317538
17859328128
17821340612
13377909282
15762393792
15521642133
13731681528
13060915097
15510978308
15245543464
18050233992
13870798254
13801210991
15558167996
13457071105
13607506001
15901745963
13921439520
13928838703
13775723688
15891063115
13430247981
13592851002
15858364345
15014355228
15927600956
13533304087
15262075834
13986137383
13572170990
15950676627
13824668820
13622612880
13685152159
15006370557
15860573238
13007360703
15067926624
13384507267
13681952366
18680782832
19124810211
18735081000
17737532999
18888178003
13422415045
13951370901
18053607872
15339629939
15080429350
18150555116
15728122187
13583011461
15151382177
13614188906
13752465242
13726173688
16602635860
13171444200
18994392209
18656892957
15719631683
17685755991
13999134678
13889455672
17612009410
13851624275
15169029171
15964976296
18332209234
13532075950
18642196402
13758710990
18136153830
13940939923
18571563205
13577699965
17808098730
13712463608
15105367770
15527227122
18645899180
15044115189
15192606606
13154546917
15010844267
18288775671
18314490919
15048814422
18810628372
15797756698
18502992971
15044167051
13160658300
15966897993
15611031738
18252313523
13663366361
15905523803
18971110728
18997991250
13861759651
15164955885
18351072344
15398839257
15282804362
18576358683
13761454936
15097750317
15702378899
13610189167
15816372085
15141100663
15918600520
15013878905
15229790755
13658667150
15989011499
15146482188
13655141034
17705487088
18925181823
13829579866
18571727672
13817725816
13810354002
18692132176
15919807523
18356089257
15087057331
17603726899
17853100725
13671658647
18648867293
19859216313
15090422436
15205003408
18640839584
18684859695
18894606934
15703088932
13250854376
15295985498
18362946415
15977796550
13247576317
15777555015
13560068491
15361197797
13820558275
15871118005
17724205049
13869147887
18078162014
18687023218
13811970294
13160073265
13622665719
18686159196
13717851228
13973868175
15682051519
18087208801
13332505411
15013511238
15318278807
15012420532
18028131279
13322266982
16619975685
15208277137
15552652910

13535145927
13480705483
13695998727
18662159998
15219706615
13984400549
15370210590
13532797772
18092979753
18955600671
18735367873
17839574090
18057114157
13874185940
13302384316
17719992670
13901034321
13392924352
18585017178
15862996771
15936321381
18920383936
13365450056
13551043680
13504194507
19914607929
15900609638
15917851105
15841492134
18304407645
19905163139
17395953016
18186844055
18756191297
18946541256
13437153967
13521721852
18922137728
15283648973
19857013680
13917978743
13662500851
18822230156
13569978692
13753156659
13826426406
13470025012
13989009716
18163286313
15156281005
13964252106
15035394636
18721236535
15983940787
18183093817
17623202957
13190706648
15908049961
14715911843
13430311686
18316379467
13535022887
15235232140
18997066796
18917716227
13986207872
15773143987
13919496215
18935518663
13620591100
13725006654
18320989620
13639760357
15867671507
18750519336
13829053283
15203515280
13988890100
15631890836
18086707917
13390722767
17798537181
13431158233
13872676077
15081227790
15098160745
13433930890
15918755018
15137529645
13730069057
13535553482
15899540550
13612896661
18622887787
13597893775
13188572269
13875873348
13145196789
15907556927
13825229189
13762730315
18043567471
13570430740
13303838011
18039501486
13400342004
13809592882
13727223171
18825139986
13678194758
15915449063
17358671519
18661353611
17355733151
13717599863
15574799194
18577770569
15837128212
13821728006
17788235287
13144071119
17768545004
13087238777
18905699492
13062965181
13269916764
17554181986
18341262497
13031311050
17340572401
15077887112
13542176921
17685776156
15098681652
13250472084
15318968110
15966044522
15863430939
13112243807
18336791715
13032100875
13501553099
18150682060
18206798095
13874634835
15975574087
17639835969
18331973454
13637855639
15232435345
13842083598
13434858953
15921782416
18336721364
13503533947
13119850449
13125434371
15537553676
15318784093
13821413146
13940310298
15877486413
18687150088
18659124651
13949661524
15626420159
15370248869
13060879144
17531723111
15881234867
15801679986
19916920282
15933193686
18616585124
13268220252
15818776256
15116366003
13862699808
18587585920
18664852167
13211685426
13889157919
15350298199
15102998416
13733698589
13869846289
18023915153
15847920368
18535910214
18722354706
17365958838
13126264798
18996484956
15689807113
13852031417
17354389970
13215542285
18790819025
13246321093
13128910901
18870972805
13817397044
13524246135
13764543551
13516925869
13509171810
18675561354
13813135949
13729006828
18671759488
15869772034
19943508181
15980249429
18825285735
18908339268
18704234822
13936296787
17614236760
15201134858
13719642066
15168437906
17551602021
13755222680
15040436811
13771500033
18066387973
13706340065
13955399937
18623404920
17644012903
15201750857
13322882676
18240394136
15558171609
13361351763
15272650740
13407513996
13590792161
17709816047
15229589154
18247146465
15591817035
13203376514
18075249615
18804579668
15975636149
13417507716
15263523216
13763331142
18863996189
15829215550
17728175694
18917219325
13024186881
13527774403
13023956639
15395456436
18226597865
13946054636
15234258222
19936100135
13264349423
13790770643
13184118218
15711632920
13889506268
13852926032
18751191246
13929160167
18588850353
13055315916
13798184030
15815667950
15070088283
15808503707
13971002552
13578939345
18636386901
13952291729
15165129010
13074494841
15818185097
13752779801
15990271356
13349720888
15394152963
13654970126
13771704216
18824257566
18979153298
18948246815
13770725260
13462928176
19908852424
15546035397
13545355998
15378911146
15197717816
17634509504
13813907951
17671147281
13122302210
13581831835
13828448370
13750437199
13998863389
13811117837
18618169072
13918363665
17601241156
15883635119
18810119786
15930172573
18660885520
15750881757
13978620775
13826301314
13750392251
13408437916
15137291864
13531054946
13927714862
13826214867
15976735200
13422283582
13554819986
13853717362
18861827458
15332818333
18348083867
17620757310
13546427200
13233695026
13787819889
13886335200
13788483671
13651197759
13672322811
18529510121
15945304480
15219017676
18463125070
18801730029
18899891643
15868827456
13925965623
17369517372
13326365556
18820002938
15919684400
13660768605
18755219152
13065090953
17866527339
18530301525
13607728448
15061204131
13553006137
19819742057
15821361539
13817544385
13917234604
15989138871
13428176301
18506063969
18790556561
13826309898
19880840737
13817788821
18291209259
13503976975
18167908873
13761549225
15517811998
18660506702
18601327497
13186093301
18503231573
13357201010
13642316258
13891989028
15047879081
15866285285
18545786660
15238705319
15955853302
13369963922
17301201521
18107746900
18677196629
13998856802
18037823852
13931363130
13848095998
13668792560
18628189916
13435182308
18257345987
18564252061
18163982793
13482232336
13560064219
13726737612
15257622593
13180093500
13699019468
17714830782
15012966233
13607723720
18211503266
18631079321
13686867262
13079218393
13516863970
15913279498
13686100596
17756201648
13303465388
13763896276
13652014258
18665851517
18646179343
17663748772
15848384072
16645782210
13922187071
15012073800
15914320647
18611427125
18359294996
15827246322
15347963494
18862611893
15549680616
18643053606
13531407228
18613171408
13242342606
13063178872
18513853451
13793511229
13772572088
13107128481
18801320255
18012317269
13011598217
18939971025
18812607030
13629855071
18950757673
15866301613
13581921623
18565760273
13611438922
18200390877
15010035250
13693177678
18634586618
13600401225
15622992427
18750906692
18840853963
15950084958
13794816445
13726763182
13726258961
13413888290
13024375551
17631092459
15881076204
15125190639
13798398908
19184344428
13622798771
13952046013
13910407321
18936084820
18068836500
13599454129
15917965761
13631370592
13250216132
13023355413
18661231832
15978192195
18019066938
18325098571
13793998829
15953339666
18246636677
13646848574
18102101344
15189299912
18538705663
13928318869
18686848433
13831663966
15374314755
13047117873
13600067859
13077746990
13153685332
13581827661
14795040021
15659821606
13555167209
13644020498
18950238873
18524155143
18930534080
13615588701
13839578575
18763172102
13750408688
18623378904
18561905197
13071476997
13695513737
15653189070
18679325477
18349379927
18620261856
13280113366
17641063375
18837609858
15814056531
13925449604
13417537707
18505333142
13268293344
18377100841
13866531919
19858197916
15865262356
19924235417
15949171107
13434309627
13611706661
13533446538
17680781634
13896215967
13536187733
17624275255
15585114707
13928708193
18177335031
13662493597
13587873372
15061190013
17666111039
15167260192
19862188719
13533863924
13752084479
19117503998
15188334080
15989104647
19826093205
13450002002
15884412305
13888852993
13732606136
15983997000
18640347356
13675834311
15075011911
15179120675
17614609627
13928820685
13649328551
18970926933
15524436988
13813399166
13920107501
13016071884
13106685074
13515441309
15358066005
18826252835

15903645215
15875037137
13256994113
19877610696
18660027748
18111815173
15391193229
13810033202
15565663503
18144606415
15889770013
13826299259
13420974215
13478379367
13934112457
13480532099
18250962801
19968761175
13893184390
15620692717
15550699139
18655657753
15296522284
13728073982
15611022163
13924236147
13588864221
13775791085
13509379306
18355112989
15935153573
13019562178
13681351170
13161059483
13723395530
17687639519
13314512130
15252807117
13359292520
15922049203
13971484917
13397819503
13763378863
18086683077
15233528183
13402080798
13857124786
18695115119
15752272793
13820860166
19802121827
18902341619
13840871234
15977362567
18711071357
13858696589
13039982258
18571632377
18039217498
13421393031
13821689287
13682725962
15539592608
15270840308
19867516229
13750408140
13564455269
13585864006
18168806506
13675502522
13062082805
13053998583
17688648231
18305527506
15969537313
19910612233
18037575013
15119476300
18653286625
15838536076
15556557792
13549216776
13622184999
15170819237
13808887803
18268586317
13066313857
13731994904
13265947513
15630461016
15620916310
13611601527
13844695002
18561607002
15102276426
17087599990
18136658304
13925592738
13435553375
13640283543
13759556724
13701063306
13594114842
18727938316
13005015753
18776017614
15261812266
15238050994
18778881650
18089286956
13729162093
13265356599
18750181000
18795610086
13002494558
17857699023
18115286492
18613536639
13478492184
15017920096
18968192709
19982878627
18752013189
18287929142
18653281172
13948810799
13386310918
17770577730
15153373726
13192464508
13168387461
13798644366
13562691089
15035753922
15045632702
15818177337
18884259744
15589945891
18737929726
13885299196
15089638773
13723222010
18955726586
18726826977
18576678815
17862206337
15712727008
15634036696
13998906679
18682049819
13821225597
13760773156
18813138786
18781476211
18701577959
15650228999
18664841208
13798849246
18104729356
18214750196
18086083688
15989733640
18905507799
19981485693
13067911497
18230167705
18135690213
17820232622
15378390160
15065972072
17687914797
15167772327
13915359293
13665121431
17626687657
15753437557
13728813309
18267903224
13798968311
15920703341
18795493667
15959676870
15868838437
13683617860
18360671878
13817571285
15201955016
13964252168
15995353551
13984065370
18320393375
13821322233
17796376331
18912361360
17747903444
18777100075
13910985389
13797482927
18223041468
15253286185
18593996497
18757132351
15086036039
13593241586
18470351940
17670911200
13002418923
13689558990
18703652155
13761198853
18692862999
18244968786
17745601387
15190630603
13591396923
13164682371
17611409810
15870650614
13759528625
13009493129
15860299853
15941564260
13812656015
13332175492
13875123625
17839255392
13924177530
13655440156
18810779770
13922858716
13768035015
13847587755
15018408473
18323080939
18049671705
13917094328
18205553688
13279311033
18171627519
15860617355
18171235955
18038163163
13802740709
17320567885
18855245868
13678762189
15250020266
17521003124
13728534061
18175721928
15871654245
15158230754
13659873111
15911691342
13588813011
13893616328
18680678679
13933176731
15915815470
13471191091
15810701415
13533656880
15602480589
13531546831
13971647025
15138920026
18030597005
13969666890
15966910937
13660469004
15727088341
18505970112
18696181601
15871075180
13870850702
18283963534
13424072087
18320183823
18660555507
17733670178
13592807866
18953779973
18367807773
13889385446
18807787958
18749860863
15070212017
15626807820
15291593382
13804583714
13671220721
13986080106
15850516738
15980188540
13106958279
13484425150
13917619702
15913967816
15140310700
13851702023
18353817036
15968176957
18439190273
18363015173
13322448520
13693382126
13588117098
15224765678
17857090544
15987212799
15054252656
13163008777
15802556822
18702273777
15566849434
13690961841
18323095480
13003258686
13422582247
15888563522
15813545941
13794360505
13668839529
17694841127
17875050420
17882455616
13889347295
19881090767
18107934446
15895511870
18071732681
18697270887
13810966150
15071777747
18620623451
15253017372
16643591819
13927473297
18352064468
17856137310
17620689954
15620969750
15209852915
18751237177
13611638332
18769756695
18826985738
18678949200
18355636706
18739758126
15730666828
17864113255
13938189828
15840599902
18077298615
15230426624
18678988088
18265509027
18822833245
15007695980
13797022430
15664664711
15069920210
18271256575
18037881219
17550176135
15315820029
18615527725
18927799380
15518805265
15239478527
18200582280
13281804135
18813096228
17621992829
13422640833
13159369937
13979117944
18518782325
19851620446
15671677171
15729367925
15954426126
13632757926
13306481528
13810228249
18219118587
15995854062
18022494640
13698675909
19956965767
13265370224
13510144280
15689986606
13469848988
17876825483
18388031164
18921579077
15515968980
15268713411
13978421979
15853405137
15980205763
13512329206
15387349261
14794753478
13594686548
13572855550
18520666816
18172368035
15219016417
13588113072
15024249054
15061813617
18663959699
13653746581
15221297626
13916476628
13837423725
16652028703
15002714076
18681867025
18344901500
18765213311
18810970397
13711148658
13691901342
18500310023
13975808285
13275399397
13963736135
15222468079
15920602413
18851086961
13648098397
18997057260
18756775008
13977419360
13104530106
13998810567
13810010387
13167360077
17775307075
13098515557
13563126118
13140110349
15668088597
13713325155
18892625957
13847939350
13817512960
18105454234
13390787762
13794006323
13761188568
13002098323
15757814260
13563109556
18270108272
18017760880
13605676685
18053384260
13076262415
13917253397
17732153180
18539517862
18689620175
15319919532
18661650687
18312564283
18266245345
18502221863
15915743609
18747943318
18361393246
13582415213
13536164629
13168816360
13567332071
13572236715
15205078781
17675653928
13524870896
17720034657
13683260371
18821880417
18677886251
18653332997
18901926871
13039800938
15763348244
13631898495
13796657760
17772674794
13683102391
19951091304
15924319869
15817328347
15270737272
13956927067
13706558543
13922524383
13539085040
18646456531
18237732246
15044211057
18716934295
13794397288
13859095202
17612063921
17372966816
13588246297
13264333966
15998136615
19979845739
18206604694
15976820965
15159389877
13752280075
18835739870
13913952930
13469700039
15226295585
15158133284
18337181613
13507920893
15835040224
15033202318
13706149366
19855832955
13936018153
13702064397
17634759529
13311289165
19818728302
15622725727
13465564288
18738176090
15210863130
18752832817
13662349740
15194210278
13959424510
19957467935
15942646680
13826456784
15229608850
15510679318
13246245416
18942540809
13869559019
13968196507
15105454055
15823371173
15858829568
13552337293
15287515007
15937512321
15156916527
13544249520
13480554570
13937176055
18539132581
15903836798
15035128148

18827947812
15927006007
15051155735
15521291739
15249202220
17754187297
13774476387
15587033266
13570769500
18691918510
13812278797
13803033037
13952508532
18642680248
15976027388
15138826688
13998157775
13157055991
18066565393
13631182106
18805055733
19858129927
18341907884
18475955212
18627554605
15213326084
15994109020
13255886342
15066649411
15594643882
17680313786
13974221166
13363948907
15184107888
15139550255
13651775837
18630986968
18360184388
13570967353
15737081222
17776411935
13660440644
15021313750
18047227366
18577848910
13683882986
18375432379
13820284839
13983685393
13583275628
13794271230
13473661961
15890606371
18222188097
18775481167
15996169937
15666869184
15137722207
13709366308
15817825943
13323830288
15998593665
13908872118
13416021244
15166015220
15857789143
13685032214
18338400415
13340667220
13427364014
18028601556
18750185333
18820071392
18857456006
15876848670
15997297333
13856059637
15011453425
13273885811
15812906667
17702858296
13878100456
19850517436
18929286478
18264938050
19884390177
13483843558
15505541108
18217759930
15908926056
18993173453
17633215790
13055300557
15801725305
13637458745
13619454852
13761151127
18677588783
18855506099
13563252033
15062967260
17788032235
15395355957
15170519995
18999348851
15982144520
15015220042
15327345515
15718701106
15089951192
18714447370
13576009613
17856524873
18694933347
13075210982
13963932942
15851960609
13424918021
13831855608
18912634084
15308039033
15038721295
18368395585
17872411326
15695653376
18973669359
18718476437
15521941761
13500398601
13518650196
18737113237
18958336299
18223604940
15524776989
13512780004
15940817278
18117238207
13728837538
15804024051
15044245851
13798658859
15163192872
15666652931
17827871004
13303266935
13155448667
15619619708
17826877366
18850647839
17737858603
15270598375
15863420680
18256964592
13858084220
15678995893
18370953020
13667888277
15901271169
18068946866
17756464595
18910392612
18395119087
17770093009
13817866658
18755462105
13926062740
13203995542
18944660100
18318103595
13560390653
13866769337
18518339020
18396626107
18332695838
18360888610
13596400534
17604672495
18589990749
13308575898
15237118953
18336760666
13521281220
19974199749
15837705435
15985092964
13794792625
13055956100
17770895362
13798034443
13876669966
15860746064
18300067110
13324520962
13189742198
18630858372
13922143042
17370063925
19975196901
13941419847
18877014481
18163653178
15764276363
13591561923
15804045406
18863907127
15942890795
13679162704
13637291133
15814661028
13780841837
17862250817
13809445260
13653442655
13569516733
13416039153
13706871689
18137739879
18742549216
18946718098
18817082770
15119068218
13435076197
18759373115
18752007709
13601633036
18033368228
13366298592
13713408272
13365592297
13915633505
15178701822
13995818857
13425315006
15868688533
13636450539
13640764534
13816441816
13824143919
13557123032
13308083663
15502027377
18840657921
17610815892
17727270864
13966057377
15222115552
13216770826
15899810031
18183876379
17820544332
13938274720
13053322533
18582590915
17708380704
16643591816
13007607411
15307795088
13560629524
15904520825
18277380053
13805472820
18768314415
13938590013
15711376326
15665898659
13920359416
13580518318
13400002859
18172209785
13780619773
13501940172
13914488308
18732181061
15105356749
13860300279
13750251725
18856816611
13450831663
13417685857
18392045938
18288471754
15157405283
13854478895
13764727194
18032117662
18367617125
15171775011
13685380012
17775114880
18984866669
18862271296
15763377604
18250515900
13750843370
15602383356
13818477245
13625277491
13439888683
18588558768
13738292109
13891811225
15251701005
13942659506
13528375386
18762842337
18012175485
13054561982
13555409345
15904033759
15088648075
15253672378
15506300592
15915806520
13852570896
13892828146
18318461221
15038186385
13797779823
13779940768
13731900966
15815087510
18587340930
15016097840
15142310200
15018263968
18275783665
13787094906
15220480353
13487135233
15723570365
18768264241
15296592811
18804045618
18616083677
18380458786
13053905539
18331726732
18735423151
18265317868
13324562054
13583628262
13931261550
13973258521
13816416467
15823624228
13642718070
13182863923
15161112830
17882589487
15804159993
18288926936
13758149850
13986851175
17393153506
15312952148
13005918002
18160714521
15815118481
18255551432
18718518620
18616221853
15950665922
13889223423
18005141582
17604379016
17870162422
13998196993
13798107406
13844667810
18646388985
13220971916
15261596067
18752825046
18902288272
13100971621
18218617305
13934802111
18553161353
13909451866
15257389738
18981031616
15904774495
13264710067
18152633121
15032777670
18131091481
18118525270
18755104049
13641461945
13570240474
18577781983
18513102191
19979393102
13510306707
18769172187
13523323694
15925144256
15992646869
13008274662
13919238637
15839582059
17723110494
13525155396
15238275764
13611986917
13501449108
15004171565
15822339790
13599778057
13450690003
13480225943
18708183628
15219959802
15377560121
13570484573
13751882231
18474763441
16605468351
18030102686
13564154967
15200857946
15319880958
18877783088
13407104814
17589721927
13902390904
18043095701
18826166910
13887223866
13084175510
13940157653
13421554168
13512806727
13884451294
15013449270
17802590289
13577184070
17611130933
13818277767
13931928680
13816442096
13517514845
15518500352
13672927291
17644200983
15602790623
15879037009
13970388755
13762291675
15996307262
13651554488
18606858186
15905707897
13662860078
18857472423
18565489093
13529183649
19816287363
15663468362
13571921262
18587198906
17786107130
13763813627
13815922982
13631812030
18675332520
15054416225
13244743993
13306557310
15890498818
15992607434
15566523528
15882279026
13986075076
13510465360
15632157989
18810927510
15112420323
19950664726
15270502243
13138776630
13359008391
15083626825
15626533363
13114869792
13542823101
15902824293
18856222239
15022400166
13760324514
15962170813
13828418984
15905811070
15019291940
18381459059
15102367529
13076291606
13804069521
13998208896
15034241977
15016060080
15973798615
13411493172
13534248153
15393069591
13978016345
15011369619
15668291333
18501980827
13611575526
13859052021
15903165153
18664801779
13146376736
18865635087
18698686288
13670910434
17390951987
15124834014
15641658670
13553047732
15604259651
18729013729
13969279600
18910003620
19857003312
18195517100
13601151551
15815364579
13824230220
13560080860
18259150024
13606400626
18356503993
13994658192
13252189082
18844150242
18064786688
18639900902
19971393965
15976349286
15054597721
18681843336
19171511538
18817537805
15623887398
15513579888
13977123350
15850704976
18612324943
17501603033
18981721170
15060924333
15143578575
15107864261
13354447895
15883120609

13689590485
15875941131
13961399417
13912386030
13215013521
13861878550
13488222606
13550105439
15105900604
13799820720
13054451009
15711461810
13076722721
13895160201
13612232733
13971429006
15965058496
13370621263
13506201021
15195559011
15333485200
18539569334
18660216067
18894461742
17798159903
13424299499
15318999415
17803686856
18326093561
18069589757
13485237979
13371408395
15037262805
15049769627
13484620625
13855419019
13711183399
13603068911
19953939929
18711537370
13861843155
18195724580
18982000235
15265323862
15971868177
13956627401
18951107735
17863963273
18202959079
15712649122
15912299465
13423889286
13770381750
13989462549
18520002921
18340550848
18343168353
15147741191
19977073771
13914559848
18991392417
18090063928
15626030371
18678987867
13025184760
18859113648
15038618056
17353270735
13666547583
17683086432
15700706452
18219343708
13934572617
15876518013
18655544056
13723699795
18825155880
17875511341
13773269261
15076205281
13726968525
17350376836
15847410099
15306733809
15229732813
13752257357
13318589606
15170256966
13827222490
13555716800
13909256248
15295786219
18319672006
18892050246
18782956840
15119616979
18340093107
13427802935
13973235583
13902338540
13417319738
16619936934
13132273109
15025113214
18810808201
18704456404
19957552131
13651897428
18688280117
15876526387
15884849039
18615780279
13947410777
15050704701
18070955027
18750231550
13430408770
13810205471
17686248849
13996605980
15083332595
18005015657
13810368725
18981002876
13641757137
13537284194
13533348513
18753526207
15070980948
13843195246
13737149088
13774023660
15948898003
13437747033
18886204312
15277001301
15572227771
18194280622
15821604629
13556024460
15166066818
13910522499
15078002008
17262009414
15915945238
13787255369
13756031550
13047566219
18717105276
18005426828
18978702780
13459202054
18838737298
15875123430
15216833988
13059277244
18529269043
18685143646
13285311579
13525915852
15636451261
18215588798
13350082787
13714139489
18271239850
13288781021
13984808078
13512241680
15965152471
13827065853
15044028693
18933328085
15879257799
13624817350
13632249690
13120331598
18967452486
15212244016
13940556315
15188675925
13791958040
13466166577
15603735200
18686199646
13818746547
15548382792
15523872640
15915960302
15738252044
15322088701
18351962113
13265207718
18660227281
13423610422
13777860672
19876190829
13256664596
13008821045
15386022844
15640395099
13217317007
18084394706
15310431520
18795813952
15280208485
15976231216
18213877992
18001918272
13878875406
18028161995
15797716377
13720164822
13165581798
15679171917
18721190383
18182200415
13901714777
15758842479
13764252376
13816279853
18110983251
15259245798
13870861895
15242237728
18615166698
15881315853
13908417194
13917572234
15768827826
18153521186
15305720217
17762687396
13008956257
17861136162
13650741480
18968360099
13661583893
15935840109
18120711420
13922668023
13982251220
13450675515
13729202992
18463057827
15906317126
17720535661
13995278118
13517405372
13650841304
15899922134
13961761358
18518688130
18550963174
18924174481
15106606806
18605580837
13789882988
15798726767
13262250167
13916034989
17602467499
15811952047
15913003077
15957282896
15295037005
13775973868
15817237521
15754718214
17797535889
13141277688
18656396362
15513615368
15139127909
15014071979
18688509877
13128202132
13713401882
18876536292
18652050787
18820401562
13922210831
19948117774
15017268799
15664831028
15244673100
13564639394
13598750521
15288858572
13268991025
13434233401
13632389592
13966081860
15298759025
18226153165
13816485546
18939907761
15813495187
17816532401
15814062676
13924087641
13770913346
18776775171
17317928787
13938457833
15159508127
15954349276
18971689809
13760195669
15272080097
15088123438
17811710766
13712675077
13711381562
15725382953
13632434946
13457314831
15839866485
13977385353
13827220477
16630931050
13761601400
13450235522
13592237077
18642556310
13750175582
15873041052
18607505489
17621547120
18747858994
15827409424
13370346076
18991918703
15813278627
15688612711
13527049001
13825845687
13106369079
18971206262
13549679274
19945759740
13536885544
15370119019
19924815606
15244675004
13580599316
13957219192
13384311729
15359190556
13312887426
15155402171
13532836804
18602281871
13131405609
15151425617
17702735893
13412769972
15856998213
19977750133
13585005020
15638863878
18381185363
15203638248
18292677009
18690017600
18407677044
15018662986
15895803886
13713024884
13669724505
13673239656
17882259173
13970015927
13433205336
18153051695
15833311640
19860969315
18627049010
18566242809
15678281771
15516809987
13736990216
13570453640
15007533570
13149321236
13087518004
13063365565
13923059028
13961091618
15136250255
15623413831
13177232535
18392073830
13553980172
15966533531
13869002293
13689645771
13413712342
13387347718
15001924026
13829716281
13824432557
18562607072
19863708050
17749295380
13766660246
13650999640
18665085766
15685283789
13660724936
17817459459
13540143726
15951174696
15295531868
17678081228
13544535352
17600981680
15836032537
17703668854
18018346265
13712746547
13524720582
18098942529
15129260702
13516660454
18860807366
15657576620
13825836264
18692013920
13863189141
13804766703
18664857603
15759773706
18061514051
18509248973
13672076587
13535162246
18875093013
13267336966
18181140882
15265013789
13359871557
13525511938
13559565941
13853986296
18620928009
18991860928
15883136648
13477100092
15611025123
18760818191
15109112097
13527616618
18677350029
18735794409
15919334801
13692765054
15854102175
18620552734
18630375405
18002089978
15164055677
13524520500
19903163318
18526108892
13934582521
18843456438
18808601172
15964258589
13776100114
13563932599
18777834963
13662359683
13929343118
13817025872
13232881806
15996121042
13602058802
13713812729
18092609006
15032897210
13955389266
13822633462
17626015422
13007117229
13631815025
18269229824
15576747428
13721121701
15925722605
13259934927
13434482059
13335884325
18933391260
13422319966
18727879378
15855606425
13560074207
18863436191
18009256923
13719470486
19846973962
13652743046
13920957207
15392568899
13993586526
13426917137
15720001635
18267296339
13795369732
15173940891
13428345497
13853146988
15501206599
15640012137
17805332040
18055695842
13715615310
15021738482
13229054684
15180471138
18608316886
18179131593
13860496167
15871739539
13697753860
13817966070
13620232018
18660018109
13590579064
13120587135
17310770083
17666281208
18091183935
13424258097
18007127330
18842869433
13632057980
17521000223
19150231430
17360471950
15802252650
13580464094
13165050269
13726997550
18637618783
13097333979
13929128335
13684307766
17755645687
13673713198
18363105735
13824031452
18839601312
18312397529
13902766934
15902772972
18123982140
13226895776
18347065976
18029315882
13592640717
13360725129
13002483301
18873085699
13559443123
15819746399
18029233722
15021391976
17664178275
15277333420
18014729391
17867152335
15863986736
13598898006
13536299317
18117610287
13609758698
17795128620
17647384462
13666082039
13600407046
13817816612
13329534943
13815106093
15254519391
17737205723
18437365945
13413685955
19995245170
13810286181
13062504884
15107199217
18637074618
13604115915
13710026102
17343898515
15949700113
15027850600
13802994044
18859500097
18560050568
15851819258
18955771202
18781172960
18522083463
18962439727
18161052959
18818687861
15227290891
18562685517
15119375890
13926508730
13394341602
18559939353
18209977326
18045012885
13392689048
18284094876
13614192700
18859059715
18052552328
15970668079
17855375500
13987211426
18251149569
18636628881
13760822342
13986804779
13888794120
13381606643
15105151582
13257791230
13388187660
13604254379
15829477905
15066994847
15666291616
13827318897
13677365265
15993319513
15900718966
13543210086
18156896057
18027189262
13750776833
18640465460
15910942059
17596933065
18975060260
13066702721
16650001777
15259876118
18646661604
13918108037
13914925672
13410384480
15153539539
18604931066
15849508595
18664703088
18638963670
13527378642
15866385920
18353959375
13751799683
18600753140
18010917665
13591605565
17629021258
13795438212
18601327498
18765612599
13605706894
18246120507
13728028284
18177613878
15377685398
18811552955
18249047982
19886329316
18264577689
13584770550
13788528162
18062571397
18841127735
15988463315
13608193215
18610164780
13181895610
13760386045
18066539953
13104740277
15976868450
13721226765
15665380685
13786129206
15135606924
13925338088
13022083372
18697126858
15247732241
15067878565
13958132700
15146550568
13811576173
13672430514
13991257805
15768833976
18219301148
13046323553
13811880992
13970598262
18896556960
13510768623
13580457550
19822809780
13468590160
15917916076
15715150058
15328237124
13562078168
15957140165
13916288785
13583299493
18615719905
13570509650
15226285666
15195753787
13961790458
17367479390
15398019258
19965462454
15651766138
18971370083
13316188979
13421570270
18023584326
18045869722
13878880255
13570557361
18805322111
13889315151
13970882281
13524826068
18616384901
13415189447
18101598485
18996461711
17303195952
15271874336
15985824592
13248324843
18985302592
18729880061
15951821447
13545146600
15954287797
13427749211
17706296269
13735036311
18660927108
18320705445
16620094724
15920538763
15396958078
18137188603
13901581702
13500703919
13560133356
13994291236
19916250636
13536997942
15374201357
18023633913
13426070757
13126691923
13660293017
15547286586
18071529188
13803018455
13632298768
13810762342
15053566625
13827609902
13021695918
15855774064
15913041937
13675122321
15797733937
17887931074
13853688615
18022360435
15133514311
13128505660
13794926387
18716514952
18265790203
19112601565
13543833728
19905162332
18526775862
13292806825
13724089635
15917255498
13725982550
19806258165
18946727133
13579963214
15542437725
17649874494
13863101287
18540063825
13927798989
18225099692
13411313816
18813688301
18105546869
13829091506
15077232515
13915341927
13951510218
15113212327
15818147026
13432633639
13964233591
18933288588
18037333811
15762278027
13926290276
18500331702
18718620092
15213865663
13871147542
18255227859
18292833776
13840164297
13162501816
13402169242
18487283019
13856383744
18824405419
18125724188
13756067520
15593029870
15007186082
13022082279
15185174150
18819248520
18373300411
13535024706
13580338728
13147006915
15969372813
13621195338
13881878095
18806666046
13161568603
13560226324
18376157021
18915257007
13539493905
13413877391
13820309417
17673631080
15251522782
13856238707
13656421637
13922935782
18778807473
13602476556
18300534121
18030077779
18953846630
15006318642
13703223095
13664183863
17665131180
13929543166
13240183183
13537440548
13042231983
18242530687
13716689090
13985531788
15069156277
13229434883
18310365668
18618221752
13917984752
13291089000
13901598184
13816822978
13870568276
13451886047
15252018517
18910717760
18965782091
15070051009
15601151155
13570292406
13572085028
13786989556
18697967294
15801736368
13538229258
13898665372
15222753495
15268877525
17766816569
15820201168
13405553581
18202287085
13585573668
17701083487
18587756748
18092059533
13468159286
13592855102
18631550366
13590364302
13161244631
13676229338
17563357293
13940839005
18312426172
18265314666
13253312189
13966685949
15016038912
13612129090
17726167380
13827418023
18903044441
17635706014
13966665082
13537769081
17776626436
15856812233
15717176742
18938690092
13662788081
13179793998
13403745720
18368129256
13752091023
18070095647
15970551224
18797978968
18319358214
13996010361
15975445202
13790612810
18104720649
15919831551
15920383846
19959557687
13698415125
15172338236
18186887805
18028006120
13816447221
13129363195
15520665002
18211316294
13620808958
18096003461
15365212511
15550401865
15980653559
17607574494
15175356301
15927238262
15069896100
18395289488
18548907929
17760719607
17602076484
15171046906
15603061830
13306640554
13667018459
15812606491
15820763737
15875972979
13652083386
13510644550
18250900105
13207112127
18680752927
15279985302
13518158745
15024090154
15867481921
18363872807
15045016184
18792517953
14739714070
16635718117
18813319748
18879538667
15011223501
13911225067
13418991399
18996699166
13671377081
15825261980
15252232405
18906000477
15727802635
13328161066
18018025019
18003160497
18655128572
18908627668
17793654750
18577762579
15694177667
19880281008
18330605185
17715837516
19996669399
15613365217
17178860459
18021868865
18678083226
15620158038
17799151523
13500343824
13838698699
15735383660
15757584049
15181904798
13501954837
13636446953
18998301669
15295751094
13758694934
13632801085
13274553004
13548984466
15829022309
13915908796
15827144302
13588184869
13913831710
14747235181
13969758238
13956238712
18295973678
18009227035
15853127157
18611535506
13888703590
13326377933
18959871314
18901744735
18924851384
15268617408
15036077814
18025001913
13853185213
13213100805
13427455467
18652821585
18743015883
13155463919
18205286331
13871519034
15812633498
15143433112
17602388929
13161592118
15717868525
18280922277
18337357888
18660289690
15021076583
18160937789
18951773362
19931480501
18875337509
18045518055
13071121271
18805473268
13589898135
13437765592
15926276109
13682111019
13925864050
13895151314
18264671266
17777228705
13787586266
13265672529
15090414180
18980356330
13246511985
15636363314
15868092078
13520133046
15937196072
13964885211
13810187721
15766970245
13530360659
13840130211
17774893180
13679538473
18259124836
18705212873
13653575907
18569072017
13583276269
13793224619
13974924841
18192413351
15605423685
13564723675
18930730737
13541006023
18933871159
18076444444
18999210921
18819447390
18560117149
13706254697
13813826526
13576988975
18847139223
13210291466
19977108912
13557734175
18818448616
18846173687
18103632370